csl, 2015-12-14, 99.49, 99.86, 100.3, 99.31, 1149466
cba, 2015-12-14, 77.95, 77.44, 78.42, 77.33, 2914971
bhp, 2015-12-14, 16.69, 16.6, 16.88, 16.57, 12262922
wbc, 2015-12-14, 31, 30.66, 31.15, 30.66, 6330104
nab, 2015-12-14, 28.15, 27.94, 28.29, 27.94, 5477074
wow, 2015-12-14, 22.6, 22.59, 22.89, 22.52, 2904143
anz, 2015-12-14, 25.78, 25.68, 26.1, 25.67, 6222127
wes, 2015-12-14, 26.943396, 26.593389, 27.029112, 26.550531, 3554868
tcl, 2015-12-14, 9.79084, 9.70272244, 9.92791176, 9.66355908, 4897108
tls, 2015-12-14, 5.15, 5.17, 5.25, 5.14, 27845928
fmg, 2015-12-14, 1.785, 1.795, 1.8, 1.755, 15150219
mqg, 2015-12-14, 79.5, 78.14, 79.67, 77.86, 1489853
rio, 2015-12-14, 42, 42.18, 42.57, 42, 2015541
gmg, 2015-12-14, 5.97, 5.91, 6.02, 5.91, 3573838
ncm, 2015-12-14, 12.24, 12.74, 12.84, 12.21, 3007436
wpl, 2015-12-14, 25.988292, 26.116849, 26.443186, 25.938847, 1859358
bxb, 2015-12-14, 10.58, 10.53, 10.7, 10.51, 2748133
fph, 2015-12-14, 7.71, 7.78, 7.87, 7.71, 186547
all, 2015-12-14, 9.5, 9.38, 9.55, 9.34, 1528655
asx, 2015-12-14, 39.85, 39.5, 39.91, 39.31, 453202
rhc, 2015-12-14, 63.5, 63.34, 64.33, 63.21, 535937
amc, 2015-12-14, 12.87, 12.78, 13.03, 12.78, 2871623
apa, 2015-12-14, 8.208688, 8.21865, 8.288384, 8.158878, 2764786
a2m, 2015-12-14, 0.995, 0.985, 1, 0.98, 4322110
shl, 2015-12-14, 19.65, 19.67, 19.97, 19.6, 1404275
iag, 2015-12-14, 5.269369, 5.229525, 5.329135, 5.100032, 15134875
syd, 2015-12-14, 6.12, 5.99, 6.18, 5.99, 7572695
coh, 2015-12-14, 90, 90.96, 92.06, 90, 121783
rea, 2015-12-14, 50.76, 50.2, 50.96, 50.02, 173314
xro, 2015-12-14, 16.6, 16.5, 16.85, 16.5, 46333
qbe, 2015-12-14, 11.94, 11.58, 11.99, 11.58, 6389197
sun, 2015-12-14, 12.369099, 12.121923, 12.46179, 12.060129, 11650412
scg, 2015-12-14, 4.06, 4.02, 4.09, 3.99, 13219249
agl, 2015-12-14, 16.54, 16.59, 16.75, 16.49, 1647050
nst, 2015-12-14, 2.52, 2.59, 2.6, 2.52, 5285133
dxs, 2015-12-14, 7.52, 7.47, 7.565, 7.47, 1694717
mfg, 2015-12-14, 24.6, 24.31, 24.62, 23.91, 662804
sto, 2015-12-14, 3.39, 3.34, 3.45, 3.32, 12400480
jhx, 2015-12-14, 15.27, 14.99, 15.37, 14.99, 2076203
evn, 2015-12-14, 1.354608, 1.433136, 1.442952, 1.3497, 9842406
org, 2015-12-14, 4.58, 4.47, 4.63, 4.46, 12582527
rmd, 2015-12-14, 7.65, 7.64, 7.72, 7.62, 3207842
azj, 2015-12-14, 5.04, 4.96, 5.08, 4.95, 9174900
s32, 2015-12-14, 0.985, 0.995, 1, 0.965, 22975452
mgr, 2015-12-14, 1.9, 1.92, 1.935, 1.89, 18279898
mpl, 2015-12-14, 2.14, 2.12, 2.15, 2.105, 15043468
aia, 2015-12-14, 4.93, 4.91, 4.96, 4.9, 84559
spk, 2015-12-14, 2.94, 2.92, 2.965, 2.91, 841421
gpt, 2015-12-14, 4.58, 4.57, 4.61, 4.56, 4467421
llc, 2015-12-14, 12.9, 12.86, 13.045, 12.77, 2088701
cim, 2015-12-14, 21.65, 22.25, 22.73, 21.5, 1736342
twe, 2015-12-14, 7.9, 7.79, 7.97, 7.77, 2083342
ast, 2015-12-14, 1.425, 1.41, 1.447, 1.41, 5997842
afi, 2015-12-14, 5.78, 5.78, 5.8, 5.75, 431929
tpm, 2015-12-14, 9.6285, 9.520425, 9.795525, 9.5106, 1229787
ori, 2015-12-14, 14.61, 14.42, 14.88, 14.31, 2270071
sgp, 2015-12-14, 4.05, 4.02, 4.07, 4, 8050491
cpu, 2015-12-14, 11.3, 11.32, 11.47, 11.26, 1568730
tah, 2015-12-14, 4.53, 4.57, 4.62, 4.53, 7052197
ccl, 2015-12-14, 8.64, 8.63, 8.72, 8.58, 2539352
cwn, 2015-12-14, 10.5, 10.66, 10.775, 10.5, 2213439
ctx, 2015-12-14, 33.37, 33.28, 33.84, 33, 923125
sek, 2015-12-14, 13.87, 13.93, 14.05, 13.84, 1149454
osh, 2015-12-14, 5.8464, 5.709984, 5.875632, 5.661264, 19496642
mez, 2015-12-14, 2.18, 2.19, 2.2, 2.18, 256295
reh, 2015-12-14, 6.6212075, 6.6212075, 6.6212075, 6.6212075, 305393
alx, 2015-12-14, 4.114289, 4.1045395, 4.1630365, 4.09479, 1193093
sar, 2015-12-14, 0.554152, 0.53944, 0.559056, 0.529632, 2685074
arg, 2015-12-14, 7.49, 7.53, 7.53, 7.44, 97911
vcx, 2015-12-14, 2.75, 2.73, 2.76, 2.72, 9248738
qan, 2015-12-14, 3.81, 3.78, 3.85, 3.74, 5712271
dmp, 2015-12-14, 49.39, 50.03, 50.6, 49.29, 174750
bsl, 2015-12-14, 3.7, 3.77, 3.81, 3.69, 2052511
amp, 2015-12-14, 5.5, 5.46, 5.54, 5.44, 6898577
vas, 2015-12-14, 63.76, 63.28, 63.87, 63.22, 155407
svw, 2015-12-14, 4.96, 4.88, 4.99, 4.85, 466547
alu, 2015-12-14, 4.75, 4.78, 4.82, 4.72, 338990
qub, 2015-12-14, 2.20267772, 2.14496564, 2.2122964, 2.12572828, 2380057
sol, 2015-12-14, 15.4, 15.7, 15.79, 15.4, 84811
nxt, 2015-12-14, 2.369207, 2.369207, 2.369207, 2.3245985, 507876
awc, 2015-12-14, 1.11, 1.105, 1.11, 1.075, 17625717
wor, 2015-12-14, 4.233636, 4.00784208, 4.26186024, 3.96080168, 3182817
iel, 2015-12-14, 3.45, 3.42, 3.45, 3.39, 418898
ann, 2015-12-14, 20.9, 20.63, 21.14, 20.58, 698501
jbh, 2015-12-14, 17.663652, 17.68341, 17.7822, 17.594499, 691424
ipl, 2015-12-14, 3.83, 3.76, 3.86, 3.76, 9760282
cwy, 2015-12-14, 0.628736, 0.618912, 0.633648, 0.614, 3346595
chc, 2015-12-14, 4.4, 4.33, 4.42, 4.33, 933395
apx, 2015-12-14, 1.78, 1.7, 1.78, 1.66, 201245
hvn, 2015-12-14, 3.7547055, 3.68731335, 3.7547055, 3.66805845, 3448247
car, 2015-12-14, 10.76, 10.89, 10.935, 10.72, 1976393
ski, 2015-12-14, 1.9, 1.87, 1.905, 1.865, 10686723
stw, 2015-12-14, 47.28, 47.02, 47.5, 47, 235555
ebo, 2015-12-14, 13.3, 13.3, 13.3, 13.3, 62491
min, 2015-12-14, 4.07, 4.08, 4.47, 4.01, 1319753
bpt, 2015-12-14, 0.40344, 0.43788, 0.47724, 0.40344, 14251126
bld, 2015-12-14, 4.910586, 4.93854, 4.98513, 4.910586, 3076375
tne, 2015-12-14, 4.45, 4.49, 4.52, 4.44, 631586
ilu, 2015-12-14, 5.07, 5.09, 5.15, 5.03, 1235013
ivv, 2015-12-14, 282.64, 282.67, 283.61, 282.46, 45027
cnu, 2015-12-14, 2.88, 2.84, 2.9, 2.84, 65789
ben, 2015-12-14, 10.8, 10.72, 10.89, 10.72, 1138754
ora, 2015-12-14, 2.11, 2.06, 2.125, 2.06, 2998041
alq, 2015-12-14, 3.63, 3.63, 3.77, 3.6, 5152249
yal, 2015-12-14, 2.16475, 2.16475, 2.16475, 2.16475, 2587
ozl, 2015-12-14, 3.97, 3.99, 4.02, 3.92, 2396140
gne, 2015-12-14, 1.77, 1.78, 1.78, 1.725, 6860
igo, 2015-12-14, 2.22, 2.25, 2.28, 2.22, 2261281
pme, 2015-12-14, 3.22, 3.15, 3.31, 3.15, 59299
cgf, 2015-12-14, 8.2, 7.99, 8.23, 7.99, 4743169
brg, 2015-12-14, 6.63, 6.51, 6.68, 6.5, 155466
fbu, 2015-12-14, 6.12789, 6.099255, 6.175615, 6.080165, 1370562
mlt, 2015-12-14, 4.35, 4.31, 4.35, 4.31, 160702
rrl, 2015-12-14, 2.2, 2.28, 2.33, 2.195, 8369716
sdf, 2015-12-14, 1.435, 1.405, 1.435, 1.405, 1414698
pmv, 2015-12-14, 13.32, 13.21, 13.36, 13.18, 507092
mts, 2015-12-14, 1.495, 1.485, 1.51, 1.475, 7592595
sgr, 2015-12-14, 4.69, 4.63, 4.705, 4.61, 2194461
dow, 2015-12-14, 3.056616, 3.037748, 3.094352, 3.01888, 2065055
scp, 2015-12-14, 2.03, 2.04, 2.06, 2.03, 1551084
nec, 2015-12-14, 1.755, 1.73, 1.76, 1.71, 2573857
goz, 2015-12-14, 2.973444, 2.913576, 3.003378, 2.913576, 1270762
bwp, 2015-12-14, 3.05, 3.03, 3.07, 3.03, 1965708
ptm, 2015-12-14, 7.5, 7.36, 7.52, 7.35, 825288
nhf, 2015-12-14, 3.52, 3.49, 3.56, 3.48, 220954
boq, 2015-12-14, 13.13, 13.06, 13.32, 13.05, 1435133
nan, 2015-12-14, 1.685, 1.665, 1.69, 1.66, 258139
hta, 2015-12-14, 0.079, 0.079, 0.079, 0.079, 9442
flt, 2015-12-14, 34.35, 34.3, 34.61, 34.05, 268211
msb, 2015-12-14, 1.4058, 1.4058, 1.4454, 1.3365, 1771347
bkw, 2015-12-14, 14.73, 14.51, 14.8, 14.51, 38984
sbm, 2015-12-14, 1.2105, 1.273446, 1.273446, 1.2105, 2656777
cmw, 2015-12-14, 0.9984675, 0.983565, 1.003435, 0.9805845, 3472357
nuf, 2015-12-14, 7.39166952, 7.2382756, 7.39166952, 7.22868848, 778923
ire, 2015-12-14, 9.46, 9.36, 9.5, 9.34, 327379
ioz, 2015-12-14, 20.85, 20.74, 20.93, 20.74, 78645
pdl, 2015-12-14, 12.5, 12.24, 12.5, 12.24, 828277
lnk, 2015-12-14, 7.050624, 7.12768, 7.12768, 7.040992, 87001
whc, 2015-12-14, 0.64, 0.675, 0.705, 0.63, 5088910
slr, 2015-12-14, 0.165, 0.17, 0.175, 0.165, 1137756
ioo, 2015-12-14, 50.835, 50.475, 50.97, 50.435, 63296
csr, 2015-12-14, 2.7, 2.63, 2.71, 2.625, 6798919
voc, 2015-12-14, 7.29513, 7.344555, 7.39398, 7.27536, 748640
cqr, 2015-12-14, 4.05, 4.05, 4.09, 4.03, 1053960
bap, 2015-12-14, 4.06, 4.1, 4.13, 4.04, 738175
nsr, 2015-12-14, 1.51834072, 1.4989988, 1.5231762, 1.48932784, 891321
pnv, 2015-12-14, 0.145, 0.15, 0.165, 0.145, 1055708
iph, 2015-12-14, 8.66, 8.67, 8.8, 8.55, 418326
abc, 2015-12-14, 4.22, 4.26, 4.295, 4.21, 2326737
mff, 2015-12-14, 2, 2, 2.04, 1.99, 348615
abp, 2015-12-14, 2.96, 2.95, 2.97, 2.93, 1306248
skc, 2015-12-14, 3.865426, 3.845654, 3.885198, 3.845654, 394645
hls, 2015-12-14, 2.817216, 2.759328, 2.875104, 2.759328, 5223670
ivc, 2015-12-14, 11.45, 11.35, 11.545, 11.35, 391272
eld, 2015-12-14, 4.3348374, 4.4494146, 4.4685108, 4.2775488, 235612
ifl, 2015-12-14, 9.13, 8.92, 9.13, 8.92, 968959
zel, 2015-12-14, 6.24, 6.24, 6.24, 6.24, 2794
gor, 2015-12-14, 0.35856, 0.36354, 0.36852, 0.35856, 194616
ppt, 2015-12-14, 44.1, 43.45, 44.1, 43.35, 266928
wam, 2015-12-14, 2.05, 2.07, 2.08, 2.04, 351079
sul, 2015-12-14, 10.34, 10.2, 10.34, 10.18, 519246
bkl, 2015-12-14, 193.5, 193, 194.86, 191.26, 79762
aiz, 2015-12-14, 2.63, 2.68, 2.68, 2.63, 3396
ape, 2015-12-14, 10.9, 10.93, 10.93, 10.76, 25233
arb, 2015-12-14, 15.25, 14.89, 15.34, 14.86, 195791
sgm, 2015-12-14, 6.37, 6.37, 6.43, 6.32, 797772
fnp, 2015-12-14, 3.1910683, 3.16133785, 3.1910683, 3.16133785, 47585
z1p, 2015-12-14, 0.47, 0.47, 0.47, 0.45, 78058
pru, 2015-12-14, 0.3413775, 0.3413775, 0.346325, 0.3314825, 1475194
lyc, 2015-12-14, 1.15, 1.1, 1.15, 1.07, 1826088
evt, 2015-12-14, 15.16, 15.16, 15.23, 15.09, 43500
ddr, 2015-12-14, 1.7, 1.66, 1.735, 1.65, 129093
isx, 2015-12-14, 0.285, 0.29, 0.295, 0.27, 1987774
cda, 2015-12-14, 0.705, 0.685, 0.705, 0.685, 3000
ctd, 2015-12-14, 10.547, 10.6664, 10.69625, 10.5271, 353001
vhy, 2015-12-14, 54.64, 54.2, 54.67, 54.15, 30958
eml, 2015-12-14, 0.908776, 0.903837, 0.908776, 0.854447, 333703
ina, 2015-12-14, 2.69990736, 2.7793164, 2.78924253, 2.6800551, 213154
rms, 2015-12-14, 0.23, 0.235, 0.237, 0.225, 3872297
rsg, 2015-12-14, 0.255, 0.26, 0.265, 0.255, 2305393
iaf, 2015-12-14, 105.66, 105.4, 105.66, 105.4, 3687
nhc, 2015-12-14, 1.71, 1.745, 1.82, 1.71, 367669
cgc, 2015-12-14, 2.78, 2.68, 2.8, 2.67, 879350
bga, 2015-12-14, 5.49, 5.36, 5.53, 5.36, 422599
cuv, 2015-12-14, 2.79, 2.8, 2.81, 2.79, 8173
cen, 2015-12-14, 4.37, 4.37, 4.45, 4.37, 1066
web, 2015-12-14, 3.9032728, 3.70113903, 3.9032728, 3.54779617, 748901
jhg, 2015-12-14, 59.3, 58.7, 59.6, 58.6, 360147
asb, 2015-12-14, 1.565, 1.56, 1.625, 1.555, 2377653
mnd, 2015-12-14, 5.75, 5.56, 5.76, 5.53, 639119
cip, 2015-12-14, 2.524434, 2.484522, 2.529423, 2.484522, 222280
avh, 2015-12-14, 0.081192116, 0.086487254, 0.0882523, 0.081192116, 1656182
wlf, 2015-12-14, 42.5, 42.5, 42.5, 42.5, 250
avn, 2015-12-14, 2.02284126, 1.97398036, 2.02284126, 1.97398036, 39012
obl, 2015-12-14, 1.384206, 1.30539, 1.384206, 1.30539, 745022
bki, 2015-12-14, 1.653014, 1.643026, 1.663002, 1.643026, 102639
mvw, 2015-12-14, 20.54, 20.42, 20.55, 20.39, 30794
aui, 2015-12-14, 7.21, 7.18, 7.21, 7.18, 16887
cof, 2015-12-14, 1.955117675, 1.95016801, 1.96006734, 1.95016801, 22224
cia, 2015-12-14, 0.175, 0.17, 0.175, 0.17, 390348
zim, 2015-12-14, 3.9, 3.9, 3.9, 3.89, 770
aub, 2015-12-14, 8.401072, 8.24312, 8.628128, 8.24312, 8082
ccp, 2015-12-14, 9.81, 9.66, 9.89, 9.59, 191271
ssm, 2015-12-14, 0.32154, 0.32154, 0.32154, 0.31688, 188543
ckf, 2015-12-14, 4.5609, 4.62039, 4.669965, 4.531155, 530436
dui, 2015-12-14, 3.26, 3.29, 3.29, 3.26, 15463
gnc, 2015-12-14, 3.499776, 3.52656, 3.54888, 3.499776, 1181445
slk, 2015-12-14, 3.44608, 3.4265, 3.5244, 3.39713, 227646
lep, 2015-12-14, 3.75, 3.73, 3.76, 3.72, 85461
nws, 2015-12-14, 19.03, 18.82, 19.07, 18.82, 170059
lic, 2015-12-14, 2.52, 2.48, 2.52, 2.48, 16303
gma, 2015-12-14, 2.1033, 2.0691, 2.1204, 2.06055, 1395566
tgr, 2015-12-14, 4.5, 4.47, 4.54, 4.45, 404813
gud, 2015-12-14, 7.92, 8.04, 8.07, 7.88, 337792
cqe, 2015-12-14, 2.19, 2.2, 2.2, 2.18, 341274
shv, 2015-12-14, 8.35, 8.15, 8.42, 8.14, 340614
lov, 2015-12-14, 3.5, 3.55, 3.6, 3.465, 639260
sfr, 2015-12-14, 5.04, 5.09, 5.15, 5.04, 506279
ixj, 2015-12-14, 71.25, 71.045, 71.28, 70.885, 11836
vah, 2015-12-14, 0.44, 0.46, 0.46, 0.44, 302572
myx, 2015-12-14, 1.22629, 1.245156, 1.254589, 1.22629, 1864273
agg, 2015-12-14, 1.925, 2.02, 2.03, 1.92, 1556
gem, 2015-12-14, 3.29, 3.26, 3.44, 3.26, 2337151
cni, 2015-12-14, 0.90835704, 0.90835704, 0.90835704, 0.90835704, 35637
mgx, 2015-12-14, 0.175, 0.17, 0.175, 0.167, 1708559
gwa, 2015-12-14, 1.815, 1.865, 1.89, 1.805, 1259331
nea, 2015-12-14, 0.38, 0.375, 0.385, 0.372, 175626
prn, 2015-12-14, 0.2388, 0.229248, 0.2388, 0.219696, 164167
dtl, 2015-12-14, 1.06, 1.075, 1.08, 1.06, 54944
siq, 2015-12-14, 4.61, 4.86, 4.91, 4.61, 1123680
nwh, 2015-12-14, 0.088, 0.084, 0.088, 0.082, 458503
idx, 2015-12-14, 1.797243, 1.807064, 1.807064, 1.777601, 56276
era, 2015-12-14, 0.243344, 0.243344, 0.246976, 0.23608, 233402
iem, 2015-12-14, 44.3, 44.11, 44.42, 43.85, 25211
waf, 2015-12-14, 0.08, 0.075, 0.08, 0.075, 81839
eos, 2015-12-14, 1.22, 1.215, 1.235, 1.2, 16604
rff, 2015-12-14, 1.26774537, 1.24400482, 1.29148592, 1.23925671, 464695
hsn, 2015-12-14, 2.56, 2.53, 2.56, 2.52, 219000
kmd, 2015-12-14, 1.02670996, 1.00912931, 1.02670996, 0.99506479, 106498
sig, 2015-12-14, 0.78, 0.78, 0.79, 0.78, 1191237
pgh, 2015-12-14, 4.607685, 4.577958, 4.686957, 4.577958, 645676
hub, 2015-12-14, 3.72, 3.9, 3.91, 3.67, 127931
arf, 2015-12-14, 1.69, 1.715, 1.715, 1.69, 400978
aac, 2015-12-14, 1.36, 1.33, 1.36, 1.325, 1272605
maq, 2015-12-14, 8.66, 8.5, 8.66, 8.5, 3079
ax1, 2015-12-14, 1.66, 1.64, 1.665, 1.64, 152292
aef, 2015-12-14, 0.625, 0.651, 0.651, 0.625, 64900
coe, 2015-12-14, 0.13359264, 0.13776741, 0.14194218, 0.12941787, 857312
oml, 2015-12-14, 3.58406019, 3.56844337, 3.63091065, 3.55282655, 863162
wsa, 2015-12-14, 2.11, 2.08, 2.13, 2.08, 1503676
ifm, 2015-12-14, 0.69, 0.68, 0.69, 0.68, 670745
cin, 2015-12-14, 32.3, 32.1, 32.3, 31.75, 5370
gdi, 2015-12-14, 0.895, 0.88, 0.895, 0.88, 396448
iri, 2015-12-14, 2.03, 2.1, 2.14, 2.03, 39947
djw, 2015-12-14, 4.18, 4.12, 4.2, 4.12, 75293
mms, 2015-12-14, 12.99, 13, 13.08, 12.91, 470255
sfy, 2015-12-14, 48.82, 48.42, 48.91, 48.38, 93380
ahy, 2015-12-14, 1.54, 1.55, 1.57, 1.535, 3088630
api, 2015-12-14, 2.14, 2.14, 2.14, 2.07, 1012632
ifn, 2015-12-14, 0.450616, 0.44082, 0.470208, 0.44082, 2548924
aqg, 2015-12-14, 2.53, 2.51, 2.53, 2.43, 307557
pls, 2015-12-14, 0.25, 0.24, 0.26, 0.24, 3305187
par, 2015-12-14, 0.302746, 0.302746, 0.302746, 0.302746, 1024
iaa, 2015-12-14, 59.12, 58.98, 59.29, 58.75, 34406
ore, 2015-12-14, 1.364383, 1.503809, 1.543645, 1.364383, 403470
red, 2015-12-14, 0.052, 0.051, 0.052, 0.051, 679248
ieu, 2015-12-14, 55.21, 55.38, 55.6, 55.18, 59701
mah, 2015-12-14, 0.089, 0.084, 0.09, 0.08, 1545189
mvp, 2015-12-14, 3.43, 3.46, 3.46, 3.41, 24791
cmm, 2015-12-14, 0.2838785, 0.2453865, 0.2838785, 0.2453865, 81850
akp, 2015-12-14, 9, 9.1, 9.4, 9, 4073
alk, 2015-12-14, 0.22977, 0.234765, 0.234765, 0.224775, 140404
tpw, 2015-12-14, 0.895, 0.85, 0.9, 0.85, 714345
slf, 2015-12-14, 11.51, 11.47, 11.57, 11.45, 49195
mnf, 2015-12-14, 3.05, 3.05, 3.06, 3.05, 62353
fgg, 2015-12-14, 1.18, 1.17, 1.18, 1.16, 250014
bwx, 2015-12-14, 2.88687, 3.014088, 3.023874, 2.867298, 510739
reg, 2015-12-14, 5.45, 5.35, 5.51, 5.35, 630966
nck, 2015-12-14, 4.1, 4.03, 4.1, 4.03, 12810
ccx, 2015-12-14, 0.515, 0.52, 0.52, 0.5, 34067
adi, 2015-12-14, 2.115972, 2.076048, 2.115972, 2.036124, 86997
whf, 2015-12-14, 4.2, 4.2, 4.2, 4.2, 11921
sxl, 2015-12-14, 1.12, 1.11, 1.13, 1.11, 1220877
imd, 2015-12-14, 0.195, 0.19, 0.2, 0.18, 443411
fxl, 2015-12-14, 2.75, 2.68, 2.76, 2.68, 689080
pwh, 2015-12-14, 2.6, 2.57, 2.6, 2.565, 89404
hpi, 2015-12-14, 2.58, 2.58, 2.62, 2.57, 127685
ehe, 2015-12-14, 6.602382, 6.479415, 6.640218, 6.460497, 680505
sgf, 2015-12-14, 3.75, 3.75, 3.8, 3.725, 987284
pmc, 2015-12-14, 1.9, 1.87, 1.9, 1.865, 197730
fgx, 2015-12-14, 1.15, 1.15, 1.15, 1.145, 214281
spl, 2015-12-14, 0.705, 0.7, 0.715, 0.685, 443086
ehl, 2015-12-14, 0.423483852, 0.404234586, 0.423483852, 0.375360687, 19363
vrl, 2015-12-14, 6.254808, 6.2452, 6.274024, 6.19716, 207695
cwp, 2015-12-14, 4.13, 3.97, 4.13, 3.95, 68856
slc, 2015-12-14, 1.80986252, 1.81933824, 1.85724112, 1.8003868, 297172
pai, 2015-12-14, 1.045, 1.025, 1.045, 1.025, 518543
dfm, 2015-12-14, 1.35, 1.32, 1.36, 1.32, 100335
fsf, 2015-12-14, 5.35, 5.35, 5.43, 5.34, 48761
mir, 2015-12-14, 2.52, 2.5, 2.55, 2.5, 32174
clv, 2015-12-14, 0.35, 0.33, 0.35, 0.33, 52222
ppc, 2015-12-14, 1.03, 1.03, 1.03, 1.015, 582773
ive, 2015-12-14, 81.1, 80.77, 81.52, 80.77, 20135
mys, 2015-12-14, 4.5, 4.38, 4.5, 4.36, 326728
chn, 2015-12-14, 0.105, 0.11, 0.11, 0.105, 200000
leg, 2015-12-14, 0.009, 0.009, 0.009, 0.009, 130000
ama, 2015-12-14, 0.8169975, 0.861561, 0.8665125, 0.8169975, 741472
bfg, 2015-12-14, 0.5829, 0.5829, 0.5829, 0.56347, 188605
cvn, 2015-12-14, 0.11, 0.115, 0.115, 0.11, 879716
uos, 2015-12-14, 0.47, 0.47, 0.47, 0.47, 8596
bbn, 2015-12-14, 2.37, 2.39, 2.39, 2.195, 589988
ht1, 2015-12-14, 2.4238852, 2.4238852, 2.5340618, 2.4238852, 534544
pet, 2015-12-14, 0.03582, 0.03582, 0.03582, 0.03582, 271357
rhp, 2015-12-14, 1.415, 1.365, 1.415, 1.365, 217338
ofx, 2015-12-14, 3.2, 3.22, 3.25, 3.135, 1750661
pgf, 2015-12-14, 1.005, 1, 1.005, 0.99, 331900
huo, 2015-12-14, 4, 3.94, 4.04, 3.94, 7901
ali, 2015-12-14, 1.66073, 1.6656145, 1.699806, 1.650961, 270301
vgl, 2015-12-14, 2.625975, 2.625975, 2.625975, 2.625975, 957
kar, 2015-12-14, 1.41603, 1.41603, 1.45281, 1.406835, 1091916
gxy, 2015-12-14, 0.43, 0.435, 0.445, 0.405, 187972
ano, 2015-12-14, 0.26940627, 0.26940627, 0.26940627, 0.26940627, 2004
pic, 2015-12-14, 0.94506, 0.955008, 0.959982, 0.940086, 372144
sxy, 2015-12-14, 0.12, 0.12, 0.122, 0.115, 8645950
bbus, 2015-12-14, 12.6, 12.52, 12.63, 12.52, 40390
zno, 2015-12-14, 0.138, 0.16, 0.16, 0.138, 3125
mcp, 2015-12-14, 0.685, 0.685, 0.685, 0.675, 68083
ijp, 2015-12-14, 67.04, 67.24, 67.36, 66.96, 16251
stx, 2015-12-14, 0.118752, 0.118752, 0.1237, 0.118752, 103230
grr, 2015-12-14, 0.095, 0.094, 0.095, 0.094, 188274
gdx, 2015-12-14, 20.05, 20.05, 20.05, 19.95, 16270
mny, 2015-12-14, 0.9, 0.865, 0.9, 0.86, 315511
smr, 2015-12-14, 0.155296, 0.135884, 0.155296, 0.135884, 134216
gss, 2015-12-14, 0.65, 0.645, 0.65, 0.645, 118677
afg, 2015-12-14, 1.046405, 1.07074, 1.07074, 1.046405, 301506
pia, 2015-12-14, 1.145, 1.145, 1.15, 1.14, 131401
vrt, 2015-12-14, 6, 5.96, 6.01, 5.87, 418205
ami, 2015-12-14, 0.045, 0.041, 0.045, 0.041, 496000
twr, 2015-12-14, 1.72, 1.73, 1.73, 1.72, 53
omh, 2015-12-14, 0.075, 0.075, 0.099, 0.075, 25678
emr, 2015-12-14, 0.2, 0.2, 0.2, 0.2, 80789
wax, 2015-12-14, 1.26, 1.26, 1.27, 1.26, 311542
amh, 2015-12-14, 0.875, 0.86, 0.875, 0.86, 81049
dub, 2015-12-14, 0.73, 0.68, 0.73, 0.66, 623045
ecx, 2015-12-14, 3.25, 3.3, 3.33, 3.24, 337319
pac, 2015-12-14, 6.25, 6.3, 6.42, 6.17, 75209
adh, 2015-12-14, 2.63, 2.63, 2.65, 2.53, 111596
cat, 2015-12-14, 1.806696, 1.796877, 1.806696, 1.757601, 229690
tgg, 2015-12-14, 1.22, 1.22, 1.24, 1.22, 72834
ric, 2015-12-14, 1.57, 1.59, 1.6, 1.565, 400053
mcr, 2015-12-14, 0.175, 0.19, 0.19, 0.17, 72460
pdn, 2015-12-14, 0.21, 0.21, 0.22, 0.205, 4409977
dcn, 2015-12-14, 0.733105, 0.74767, 0.7768, 0.733105, 32047
srv, 2015-12-14, 7, 6.97, 7.01, 6.95, 16526
cgl, 2015-12-14, 4.82, 4.78, 4.82, 4.73, 7790
pyc, 2015-12-14, 0.014718, 0.014718, 0.014718, 0.014718, 1034447
gdf, 2015-12-14, 0.945915, 0.945915, 0.955872, 0.945915, 323352
cdp, 2015-12-14, 6.75, 6.71, 6.75, 6.7, 12587
rul, 2015-12-14, 0.45, 0.46, 0.475, 0.45, 43677
inr, 2015-12-14, 0.01, 0.01, 0.01, 0.01, 424505
myr, 2015-12-14, 1.115, 1.125, 1.14, 1.1, 4692118
lvt, 2015-12-14, 0.255, 0.265, 0.28, 0.25, 398706
qve, 2015-12-14, 1.02, 1.015, 1.02, 1.015, 69123
psq, 2015-12-14, 2.15, 2.12, 2.15, 2.12, 6161
ngi, 2015-12-14, 2.93, 2.85, 2.935, 2.82, 328061
wpp, 2015-12-14, 0.76, 0.735, 0.805, 0.715, 4138481
tgp, 2015-12-14, 1, 1.005, 1.01, 1, 133458
mld, 2015-12-14, 0.72, 0.72, 0.735, 0.71, 493177
mvf, 2015-12-14, 1.466223, 1.456884, 1.4708925, 1.419528, 784807
ogc, 2015-12-14, 2.46, 2.62, 2.65, 2.46, 2726434
aba, 2015-12-14, 5.38, 5.25, 5.38, 5.25, 2617
sda, 2015-12-14, 3.872565, 3.817635, 3.927495, 3.817635, 408406
ksc, 2015-12-14, 1.28, 1.34, 1.4, 1.28, 463864
egf, 2015-12-14, 1.85, 1.85, 1.91, 1.85, 149884
bwr, 2015-12-14, 1.259105, 1.24903216, 1.259105, 1.24903216, 9349
fln, 2015-12-14, 1.725, 1.74, 1.76, 1.7, 126605
mva, 2015-12-14, 18.36, 18.22, 18.36, 18.22, 10507
ooo, 2015-12-14, 15.43, 15.42, 15.43, 15.35, 11619
ltr, 2015-12-14, 0.00936939, 0.00936939, 0.00936939, 0.00936939, 609018
caj, 2015-12-14, 0.32, 0.305, 0.32, 0.295, 1759258
trs, 2015-12-14, 9.772284, 9.51972, 9.772284, 9.451722, 116271
vae, 2015-12-14, 49.6, 49.6, 49.6, 49.6, 100
lyl, 2015-12-14, 1.235, 1.235, 1.235, 1.235, 12999
ixi, 2015-12-14, 64.25, 64.21, 64.325, 63.885, 2682
hlo, 2015-12-14, 2.16, 2.16, 2.16, 2.16, 7752
fri, 2015-12-14, 1.03, 1.02, 1.03, 1.02, 86500
alf, 2015-12-14, 1.39, 1.385, 1.39, 1.365, 347330
aei, 2015-12-14, 0.45, 0.445, 0.45, 0.445, 4500
cvw, 2015-12-14, 0.86217, 0.86217, 0.86217, 0.86217, 1132
cdm, 2015-12-14, 1.5, 1.505, 1.505, 1.485, 310060
veq, 2015-12-14, 49.64, 49.7, 49.83, 49.64, 437
neu, 2015-12-14, 2.2, 2.3, 2.3, 2.1, 78256
rfg, 2015-12-14, 4.36, 4.35, 4.4, 4.35, 531823
blx, 2015-12-14, 1.97, 2.02, 2.02, 1.95, 61058
pck, 2015-12-14, 0.02, 0.02, 0.02, 0.02, 40572
apd, 2015-12-14, 0.405, 0.395, 0.405, 0.395, 573000
fid, 2015-12-14, 2.52, 2.54, 2.54, 2.52, 8928
clh, 2015-12-14, 1.75, 1.66, 1.75, 1.63, 1084569
sdg, 2015-12-14, 1.615, 1.605, 1.615, 1.6, 66594
ksl, 2015-12-14, 1.1, 1.1, 1.15, 1.1, 150947
ima, 2015-12-14, 0.07608, 0.07608, 0.07608, 0.07608, 106730
jhc, 2015-12-14, 2.95, 2.85, 2.97, 2.83, 1697793
avj, 2015-12-14, 0.54, 0.54, 0.54, 0.54, 107500
agi, 2015-12-14, 2.25, 2.29, 2.31, 2.25, 319667
mml, 2015-12-14, 0.36, 0.37, 0.37, 0.36, 199680
clq, 2015-12-14, 0.155, 0.155, 0.155, 0.155, 176058
ezl, 2015-12-14, 0.815, 0.8, 0.82, 0.8, 73974
alc, 2015-12-14, 0.056, 0.059, 0.059, 0.056, 198362
skt, 2015-12-14, 3.96, 3.9, 3.97, 3.89, 420359
ijr, 2015-12-14, 76.555, 76.29, 76.785, 76.27, 1236
vtg, 2015-12-14, 2.1, 2.16, 2.21, 2.05, 536221
otw, 2015-12-14, 1.13, 1.13, 1.13, 1.13, 8778
sfc, 2015-12-14, 4.82, 4.7, 4.82, 4.7, 1397
ggg, 2015-12-14, 0.025, 0.024, 0.025, 0.024, 2187176
pbp, 2015-12-14, 0.35, 0.35, 0.35, 0.35, 5000
oku, 2015-12-14, 0.065, 0.058, 0.065, 0.058, 53207
so4, 2015-12-14, 0.21, 0.2, 0.21, 0.2, 180000
snl, 2015-12-14, 2.15, 2.15, 2.15, 2.15, 4483
far, 2015-12-14, 0.071, 0.07, 0.071, 0.07, 3526826
urf, 2015-12-14, 2.16, 2.13, 2.22, 2.13, 110061
mmi, 2015-12-14, 0.0713582, 0.0713582, 0.0713582, 0.0713582, 31598
baf, 2015-12-14, 0.982081, 0.982081, 0.986991405, 0.97226019, 269633
fwd, 2015-12-14, 1.027988, 1.076478, 1.076478, 1.008592, 73859
slm, 2015-12-14, 0.638105, 0.638105, 0.638105, 0.638105, 8777
shj, 2015-12-14, 1.82, 1.805, 1.835, 1.78, 130575
gtk, 2015-12-14, 2.242608, 2.26228, 2.291788, 2.242608, 21655
gvf, 2015-12-14, 1.03, 1.015, 1.03, 1.015, 57000
cvc, 2015-12-14, 1.45, 1.45, 1.45, 1.45, 3772
egn, 2015-12-14, 0.095, 0.095, 0.095, 0.095, 15000
ppg, 2015-12-14, 0.390913, 0.381822, 0.390913, 0.381822, 30998
imu, 2015-12-14, 0.010901176, 0.00991016, 0.010901176, 0.00991016, 7195519
pps, 2015-12-14, 0.28, 0.275, 0.28, 0.275, 192007
rap, 2015-12-14, 0.088, 0.088, 0.089, 0.083, 5231299
mdr, 2015-12-14, 0.266, 0.273, 0.273, 0.252, 131131
enn, 2015-12-14, 1.76, 1.8, 1.8, 1.76, 44286
eai, 2015-12-14, 0.98, 0.97, 0.98, 0.97, 23100
hfr, 2015-12-14, 1.45, 1.43, 1.48, 1.42, 502785
swm, 2015-12-14, 0.72, 0.72, 0.735, 0.715, 2308858
bye, 2015-12-14, 0.169388, 0.154442, 0.169388, 0.154442, 140698
bet, 2015-12-14, 0.165009825, 0.165009825, 0.16946955, 0.1605501, 1239300
ont, 2015-12-14, 7.6, 7.6, 7.6, 7.6, 1556
ewc, 2015-12-14, 0.267, 0.25, 0.267, 0.25, 413026
cdd, 2015-12-14, 0.439467315, 0.44769704, 0.472386215, 0.4279457, 1903906
evs, 2015-12-14, 0.16, 0.16, 0.16, 0.16, 112250
ajm, 2015-12-14, 0.041, 0.041, 0.043, 0.041, 1135445
rex, 2015-12-14, 0.92, 0.92, 0.925, 0.92, 5125
dnk, 2015-12-14, 0.27, 0.265, 0.27, 0.265, 139178
bsa, 2015-12-14, 0.14, 0.145, 0.15, 0.135, 925046
sfg, 2015-12-14, 0.0574129, 0.0574129, 0.0574129, 0.0574129, 35968
jrv, 2015-12-14, 0.0420772, 0.0420772, 0.0420772, 0.0420772, 22548
avg, 2015-12-14, 0.39, 0.39, 0.39, 0.385, 130896
bdc, 2015-12-14, 0.0089091, 0.0089091, 0.0089091, 0.0089091, 202041
atu, 2015-12-14, 0.447212, 0.447212, 0.466656, 0.447212, 47533
ccv, 2015-12-14, 0.4955, 0.490545, 0.510365, 0.490545, 540841
syr, 2015-12-14, 2.96974956, 3.01780376, 3.06585796, 2.91208452, 623883
m7t, 2015-12-14, 0.7, 0.69, 0.7, 0.69, 22480
nwf, 2015-12-14, 0.642, 0.642, 0.642, 0.642, 1433
ijh, 2015-12-14, 193.99, 194.25, 194.84, 193.99, 267
wic, 2015-12-14, 0.84, 0.84, 0.84, 0.84, 5000
fsa, 2015-12-14, 1.07, 1.02, 1.07, 1.02, 91634
mve, 2015-12-14, 15.63, 15.63, 15.63, 15.63, 2500
icq, 2015-12-14, 0.8881085, 0.853378, 0.9178775, 0.853378, 142860
wja, 2015-12-14, 0.09880122, 0.09880122, 0.09880122, 0.09880122, 10627
sxe, 2015-12-14, 0.325, 0.325, 0.325, 0.325, 6277
pcg, 2015-12-14, 2.42, 2.44, 2.44, 2.42, 1318
3pl, 2015-12-14, 2.02, 2, 2.02, 1.98, 160811
lau, 2015-12-14, 0.45, 0.455, 0.46, 0.42, 174578
tgm, 2015-12-14, 0.09, 0.07, 0.09, 0.07, 28611
egi, 2015-12-14, 1.025, 1.03, 1.03, 1.025, 11535
apz, 2015-12-14, 1.29, 1.345, 1.37, 1.29, 42084
blk, 2015-12-14, 0.14148156, 0.13826607, 0.14148156, 0.13826607, 1339334
boc, 2015-12-14, 0.2, 0.2, 0.2, 0.2, 9000
izz, 2015-12-14, 47.91, 48.44, 50.01, 47.91, 8361
cup, 2015-12-14, 0.84, 0.84, 0.84, 0.83, 34667
gng, 2015-12-14, 0.79, 0.78, 0.79, 0.77, 36860
gll, 2015-12-14, 0.0922281, 0.0922281, 0.0922281, 0.0922281, 37310
ays, 2015-12-14, 2.024282, 2.06011, 2.078024, 2.024282, 152761
rct, 2015-12-14, 3.8, 3.8, 3.8, 3.8, 6000
mrc, 2015-12-14, 0.105, 0.12, 0.12, 0.105, 55277
dws, 2015-12-14, 1.245, 1.22, 1.265, 1.215, 60567
srg, 2015-12-14, 0.46, 0.46, 0.46, 0.46, 67000
etpmag, 2015-12-14, 18.78, 18.77, 18.8, 18.66, 6203
boe, 2015-12-14, 0.034, 0.034, 0.034, 0.034, 275000
bid, 2015-12-14, 0.9792, 0.8568, 0.9792, 0.8568, 9550
sgh, 2015-12-14, 89.5466, 91.7631, 92.2064, 87.7734, 46084
cmp, 2015-12-14, 0.41, 0.43, 0.435, 0.405, 215141
mgc, 2015-12-14, 0.34515, 0.340548, 0.346684, 0.339014, 2477986
orr, 2015-12-14, 0.13, 0.13, 0.13, 0.13, 160000
bti, 2015-12-14, 0.965, 0.965, 0.965, 0.965, 20000
pan, 2015-12-14, 0.1824404, 0.17331838, 0.1824404, 0.17331838, 682559
sdi, 2015-12-14, 0.62, 0.6, 0.62, 0.585, 62551
kcn, 2015-12-14, 0.38, 0.39, 0.405, 0.375, 2012619
fms, 2015-12-14, 0.012719824, 0.011741376, 0.012719824, 0.011741376, 3551899
svl, 2015-12-14, 0.09714, 0.09714, 0.09714, 0.09714, 351040
cii, 2015-12-14, 1.3, 1.3, 1.3, 1.3, 6715
top, 2015-12-14, 0.59, 0.575, 0.59, 0.575, 71824
nmt, 2015-12-14, 0.13, 0.125, 0.13, 0.125, 400594
pal, 2015-12-14, 3.83245445, 3.5092354, 3.86015894, 3.5092354, 47374
unv, 2015-12-14, 0.205, 0.21, 0.21, 0.205, 9781
mlx, 2015-12-14, 0.94521557, 0.935857, 0.968611995, 0.935857, 682391
som, 2015-12-14, 2.14504164, 2.17057785, 2.17057785, 2.1280175, 47450
pos, 2015-12-14, 0.048, 0.048, 0.048, 0.048, 221650
cam, 2015-12-14, 0.819504, 0.819504, 0.824382, 0.819504, 58886
aru, 2015-12-14, 0.06297711, 0.059378418, 0.06297711, 0.058478745, 195664
csd, 2015-12-14, 0.036, 0.035, 0.036, 0.035, 200000
tlg, 2015-12-14, 0.251193, 0.2552445, 0.2552445, 0.24309, 53409
net, 2015-12-14, 0.14, 0.14, 0.145, 0.12, 217332
a2b, 2015-12-14, 2.79, 2.79, 2.82, 2.77, 808867
moc, 2015-12-14, 1.755, 1.76, 1.77, 1.755, 46073
bky, 2015-12-14, 0.46, 0.425, 0.46, 0.4, 441800
msv, 2015-12-14, 0.1962, 0.1962, 0.1962, 0.1962, 127494
smp, 2015-12-14, 0.13, 0.125, 0.13, 0.125, 110000
ntu, 2015-12-14, 0.09693, 0.1017765, 0.1017765, 0.09693, 261726
ang, 2015-12-14, 0.175913, 0.171822, 0.180004, 0.171822, 203641
iko, 2015-12-14, 69.44, 69.39, 69.56, 69.3, 588
ara, 2015-12-14, 0.365, 0.365, 0.365, 0.365, 1342
brn, 2015-12-14, 0.217747945, 0.20384914, 0.217747945, 0.199216205, 546600
egh, 2015-12-14, 0.585, 0.575, 0.585, 0.57, 259966
nsc, 2015-12-14, 0.93, 0.935, 0.94, 0.925, 251720
gnx, 2015-12-14, 0.1482, 0.1482, 0.1482, 0.1482, 29858
hzn, 2015-12-14, 0.085, 0.084, 0.086, 0.082, 758971
cyp, 2015-12-14, 0.35, 0.33, 0.35, 0.32, 309759
imm, 2015-12-14, 0.536328, 0.526396, 0.536328, 0.526396, 82683
twd, 2015-12-14, 3.28, 3.27, 3.28, 3.27, 25394
elx, 2015-12-14, 0.7, 0.7, 0.7, 0.68, 87509
mrm, 2015-12-14, 0.212865, 0.2082375, 0.212865, 0.1989825, 1592963
occ, 2015-12-14, 0.37, 0.37, 0.38, 0.36, 63544
aut, 2015-12-14, 0.009231, 0.009231, 0.009231, 0.009231, 843572
osl, 2015-12-14, 0.15688, 0.1519775, 0.15688, 0.1519775, 1082954
snc, 2015-12-14, 0.43, 0.43, 0.43, 0.43, 20000
wec, 2015-12-14, 0.1336195, 0.1336195, 0.1336195, 0.1336195, 24086
tng, 2015-12-14, 0.13362945, 0.129175135, 0.138083765, 0.129175135, 682704
gpr, 2015-12-14, 0.95, 0.925, 0.95, 0.925, 7191
cog, 2015-12-14, 0.108215, 0.108215, 0.108215, 0.10351, 308183
rkn, 2015-12-14, 2.146058, 2.202782, 2.212236, 2.146058, 85489
coi, 2015-12-14, 0.0912272, 0.089244, 0.0912272, 0.089244, 10489
cgr, 2015-12-14, 0.1682625, 0.1682625, 0.1682625, 0.1682625, 3120
mye, 2015-12-14, 0.23, 0.255, 0.255, 0.23, 75000
rdf, 2015-12-14, 0.3752, 0.3752, 0.3752, 0.3752, 11987
ctm, 2015-12-14, 0.069642216, 0.069642216, 0.069642216, 0.069642216, 8615
bit, 2015-12-14, 0.04758556, 0.044989984, 0.04758556, 0.044989984, 265086
ton, 2015-12-14, 0.0992115, 0.092266695, 0.104172075, 0.09127458, 4353468
oec, 2015-12-14, 0.63, 0.63, 0.63, 0.63, 4150
mca, 2015-12-14, 0.032, 0.035, 0.036, 0.032, 150000
css, 2015-12-14, 1, 0.98, 1, 0.96, 22975
fgr, 2015-12-14, 0.057, 0.052, 0.057, 0.052, 523492
exp, 2015-12-14, 0.34012125, 0.3304035, 0.344980125, 0.3304035, 43440
pgc, 2015-12-14, 0.622377, 0.622377, 0.6273165, 0.622377, 132611
slx, 2015-12-14, 0.365, 0.36, 0.39, 0.36, 85247
clf, 2015-12-14, 1.01, 1, 1.01, 1, 28787
bci, 2015-12-14, 0.120554, 0.103332, 0.120554, 0.103332, 4543241
ovh, 2015-12-14, 0.8, 0.77, 0.8, 0.76, 1033396
nvx, 2015-12-14, 0.35, 0.33, 0.35, 0.33, 18007
wfe, 2015-12-14, 0.00384, 0.00384, 0.00384, 0.00384, 38590
tek, 2015-12-14, 21, 18, 22, 18, 859
epd, 2015-12-14, 0.84, 0.845, 0.85, 0.84, 96175
dyl, 2015-12-14, 0.18, 0.18, 0.2, 0.18, 94408
grb, 2015-12-14, 0.0557589, 0.0557589, 0.0557589, 0.0549508, 245988
cgs, 2015-12-14, 0.435996, 0.445905, 0.49545, 0.39636, 973357
eeg, 2015-12-14, 0.195, 0.195, 0.195, 0.195, 24615
cue, 2015-12-14, 0.057, 0.057, 0.057, 0.057, 32348
sta, 2015-12-14, 0.054288, 0.054288, 0.054288, 0.054288, 10022
bly, 2015-12-14, 16.779, 16.2855, 17.2725, 16.2855, 906
ctp, 2015-12-14, 0.138555, 0.138555, 0.138555, 0.1339365, 160006
cd2, 2015-12-14, 2.45, 2.45, 2.45, 2.45, 33486
mvs, 2015-12-14, 15.37, 15.28, 15.37, 15.28, 5755
mai, 2015-12-14, 0.563305, 0.563305, 0.563305, 0.563305, 1163
brb, 2015-12-14, 0.105, 0.115, 0.115, 0.105, 110000
ac8, 2015-12-14, 0.1, 0.12, 0.12, 0.1, 47500
try, 2015-12-14, 0.22356, 0.23814, 0.25272, 0.22356, 276332
cvf, 2015-12-14, 1.01, 1.01, 1.01, 1.01, 68000
tam, 2015-12-14, 0.045, 0.045, 0.045, 0.045, 2279
apw, 2015-12-14, 1.25, 1.27, 1.27, 1.25, 39438
caa, 2015-12-14, 0.105, 0.105, 0.11, 0.1, 1143795
cyg, 2015-12-14, 1.07274, 1.07274, 1.07274, 1.07274, 28404
qhl, 2015-12-14, 0.15, 0.145, 0.15, 0.145, 164680
sdl, 2015-12-14, 0.012, 0.012, 0.012, 0.012, 2422805
lck, 2015-12-14, 0.23, 0.23, 0.23, 0.23, 40000
azy, 2015-12-14, 0.012, 0.011, 0.012, 0.011, 1389993
lko, 2015-12-14, 0.001, 0.001, 0.001, 0.001, 600000
ibc, 2015-12-14, 0.46624, 0.46624, 0.46624, 0.46624, 15121
kin, 2015-12-14, 0.091401451, 0.091401451, 0.091401451, 0.091401451, 26531
tnk, 2015-12-14, 0.97, 0.97, 0.97, 0.97, 6000
nva, 2015-12-14, 0.067, 0.063, 0.067, 0.063, 480385
aml, 2015-12-14, 0.029, 0.029, 0.029, 0.029, 400000
dcg, 2015-12-14, 0.89, 0.91, 0.945, 0.88, 856142
dxb, 2015-12-14, 0.133336, 0.133336, 0.133336, 0.133336, 2625
mdc, 2015-12-14, 0.184566, 0.184566, 0.184566, 0.169995, 85557
sen, 2015-12-14, 0.165, 0.165, 0.17, 0.165, 870955
dgh, 2015-12-14, 0.6752045, 0.6752045, 0.6752045, 0.6752045, 12531
wkt, 2015-12-14, 0.138, 0.138, 0.138, 0.138, 13043
snd, 2015-12-14, 0.559455, 0.559455, 0.559455, 0.559455, 32094
kgl, 2015-12-14, 0.093918407, 0.101664255, 0.10650541, 0.093918407, 42840
fml, 2015-12-14, 0.32, 0.32, 0.32, 0.32, 1414
acq, 2015-12-14, 0.83, 0.83, 0.83, 0.83, 150000
hil, 2015-12-14, 0.37, 0.35, 0.37, 0.35, 157133
orn, 2015-12-14, 0.015, 0.015, 0.015, 0.015, 501720
isu, 2015-12-14, 1.18, 1.215, 1.255, 1.165, 296425
ncc, 2015-12-14, 0.975, 0.975, 0.975, 0.97, 58646
smn, 2015-12-14, 0.9, 0.88, 0.94, 0.87, 426153
moy, 2015-12-14, 0.038571, 0.037582, 0.038571, 0.037582, 702063
hzr, 2015-12-14, 0.260631, 0.279937, 0.28959, 0.260631, 659462
ash, 2015-12-14, 0.19, 0.175, 0.19, 0.175, 772858
ahz, 2015-12-14, 81, 77.5, 81, 77, 5288
meu, 2015-12-14, 0.033, 0.031, 0.033, 0.031, 1515303
zld, 2015-12-14, 0.024885, 0.019908, 0.024885, 0.019908, 90416
ivx, 2015-12-14, 0.005616504, 0.005616504, 0.005616504, 0.005616504, 719309
tga, 2015-12-14, 1.926576, 1.879356, 1.926576, 1.8623568, 558579
rxp, 2015-12-14, 0.51, 0.515, 0.515, 0.51, 6246
kme, 2015-12-14, 0.36, 0.36, 0.36, 0.36, 44
lbl, 2015-12-14, 0.09, 0.09, 0.09, 0.09, 5000
shm, 2015-12-14, 0.925, 0.92, 0.925, 0.92, 805
fsi, 2015-12-14, 1.38, 1.38, 1.38, 1.38, 540
brv, 2015-12-14, 0.14, 0.14, 0.14, 0.14, 53580
nam, 2015-12-14, 0.285, 0.285, 0.285, 0.285, 8000
mns, 2015-12-14, 0.375, 0.385, 0.39, 0.37, 495745
qtm, 2015-12-14, 0.02, 0.02, 0.02, 0.02, 50100
waa, 2015-12-14, 0.984606, 0.9653, 0.984606, 0.9653, 35599
hrl, 2015-12-14, 0.073185, 0.073185, 0.073185, 0.073185, 259975
fbr, 2015-12-14, 0.028, 0.027, 0.028, 0.027, 5988380
pdi, 2015-12-14, 0.027139032, 0.027139032, 0.027139032, 0.027139032, 361583
clx, 2015-12-14, 1.15, 1.15, 1.15, 1.15, 6400
ipd, 2015-12-14, 1.0114361, 1.0114361, 1.016207025, 0.978039625, 163000
vmt, 2015-12-14, 0.32, 0.31, 0.32, 0.31, 184279
sas, 2015-12-14, 0.007, 0.007, 0.007, 0.007, 8211645
akm, 2015-12-14, 0.092356, 0.075564, 0.092356, 0.075564, 95434
fod, 2015-12-14, 0.017, 0.017, 0.017, 0.017, 4223133
bmn, 2015-12-14, 0.029, 0.027, 0.029, 0.027, 84500
pro, 2015-12-14, 2.01, 1.92, 2.01, 1.92, 196192
dgr, 2015-12-14, 0.0305558, 0.0305558, 0.0305558, 0.0305558, 11127
swk, 2015-12-14, 0.096, 0.096, 0.096, 0.095, 317079
pen, 2015-12-14, 1.09307, 1.0881015, 1.09307, 1.083133, 32902
gcy, 2015-12-14, 0.09748, 0.09748, 0.09748, 0.09748, 79040
paf, 2015-12-14, 0.96, 0.96, 0.96, 0.955, 31090
atc, 2015-12-14, 0.096, 0.096, 0.096, 0.096, 14000
bru, 2015-12-14, 0.209883, 0.209883, 0.224526, 0.209883, 234356
skf, 2015-12-14, 0.145, 0.15, 0.15, 0.145, 195360
gap, 2015-12-14, 0.29, 0.29, 0.295, 0.29, 74658
erm, 2015-12-14, 0.038, 0.039, 0.039, 0.038, 100000
spz, 2015-12-14, 0.212872, 0.222548, 0.232224, 0.212872, 499400
bol, 2015-12-14, 0.087, 0.087, 0.087, 0.086, 123958
ava, 2015-12-14, 0.94, 0.995, 0.995, 0.94, 43931
bbl, 2015-12-14, 0.305, 0.305, 0.305, 0.305, 2000
ihl, 2015-12-14, 0.08992557, 0.08992557, 0.08992557, 0.08992557, 83402
lpd, 2015-12-14, 0.003434945, 0.003434945, 0.003434945, 0.003434945, 7928952
prt, 2015-12-14, 0.5, 0.5, 0.505, 0.5, 42550
rxl, 2015-12-14, 0.016, 0.014, 0.016, 0.014, 2114722
akg, 2015-12-14, 0.311157, 0.3064425, 0.311157, 0.3064425, 41959
ado, 2015-12-14, 0.072050748, 0.071115024, 0.072050748, 0.0701793, 1965402
ubn, 2015-12-14, 0.564335, 0.526075, 0.602595, 0.526075, 3788361
ebg, 2015-12-14, 0.66, 0.66, 0.66, 0.66, 1500
sio, 2015-12-14, 0.86, 0.87, 0.895, 0.855, 157069
kza, 2015-12-14, 1.2, 1.2, 1.2, 1.2, 25000
8ih, 2015-12-14, 1.1, 1.1, 1.1, 1.1, 47306
law, 2015-12-14, 0.1611925, 0.1611925, 0.1611925, 0.1611925, 43426
mpo, 2015-12-14, 0.135, 0.135, 0.135, 0.135, 17406
hch, 2015-12-14, 0.09167, 0.0880032, 0.09167, 0.0880032, 31875
sgq, 2015-12-14, 0.068, 0.068, 0.069, 0.068, 264085
ubi, 2015-12-14, 0.45, 0.45, 0.46, 0.45, 156970
ads, 2015-12-14, 0.0915952, 0.089604, 0.0915952, 0.089604, 1878892
sfx, 2015-12-14, 0.435, 0.42, 0.44, 0.415, 35727
ucm, 2015-12-14, 0.17, 0.17, 0.17, 0.17, 20000
idt, 2015-12-14, 0.35, 0.35, 0.35, 0.35, 61555
tap, 2015-12-14, 0.1624935, 0.149994, 0.16666, 0.1474941, 198044
res, 2015-12-14, 0.045, 0.045, 0.048, 0.045, 258100
piq, 2015-12-14, 0.31, 0.33, 0.33, 0.31, 140616
pex, 2015-12-14, 0.1730575, 0.1532795, 0.1730575, 0.148335, 184220
pxs, 2015-12-14, 0.247, 0.245, 0.25, 0.245, 89810
auz, 2015-12-14, 0.004614625, 0.0036917, 0.004614625, 0.0036917, 689991
xte, 2015-12-14, 0.39, 0.39, 0.39, 0.39, 2565
dna, 2015-12-14, 0.69, 0.69, 0.697, 0.672, 926831
sih, 2015-12-14, 0.01774842, 0.01774842, 0.01774842, 0.01774842, 11269
ird, 2015-12-14, 0.119712, 0.119712, 0.119712, 0.119712, 40096
rvr, 2015-12-14, 0.087, 0.091, 0.091, 0.087, 15000
oel, 2015-12-14, 0.018876374, 0.018876374, 0.018876374, 0.018876374, 2036470
sei, 2015-12-14, 0.025732, 0.02757, 0.02757, 0.025732, 310120
bsr, 2015-12-14, 0.01, 0.011, 0.011, 0.01, 685762
ada, 2015-12-14, 1.715, 1.675, 1.715, 1.59, 142614
enr, 2015-12-14, 0.09, 0.1, 0.1, 0.09, 262500
ct1, 2015-12-14, 0.041487862, 0.041487862, 0.041487862, 0.041487862, 15667
gtg, 2015-12-14, 0.0233325, 0.0223992, 0.0233325, 0.0223992, 1269163
eqx, 2015-12-14, 0.26, 0.26, 0.26, 0.26, 160000
vls, 2015-12-14, 0.971687, 0.9845855, 0.9845855, 0.971687, 1378
lbt, 2015-12-14, 0.115, 0.125, 0.125, 0.115, 215700
dse, 2015-12-14, 0.0070002, 0.0070002, 0.007778, 0.0070002, 7573548
bfc, 2015-12-14, 0.395, 0.4, 0.4, 0.38, 2518730
krm, 2015-12-14, 0.225, 0.255, 0.255, 0.225, 827592
mea, 2015-12-14, 1.85, 1.85, 1.86, 1.835, 389943
lcm, 2015-12-14, 0.65, 0.64, 0.66, 0.64, 88316
isd, 2015-12-14, 4.9, 4.89, 4.91, 4.84, 1297557
lit, 2015-12-14, 0.0961367, 0.0931634, 0.0961367, 0.0931634, 399600
arv, 2015-12-14, 0.02, 0.02, 0.02, 0.02, 59384
cd1, 2015-12-14, 2.4, 2.4, 2.4, 2.4, 77384
tfl, 2015-12-14, 0.252045, 0.270715, 0.289385, 0.2473775, 1407491
rtr, 2015-12-14, 0.0117336, 0.0117336, 0.0117336, 0.0117336, 10227
rfx, 2015-12-14, 0.21885288, 0.22797175, 0.22797175, 0.214293445, 508274
ajx, 2015-12-14, 0.721316, 0.721316, 0.730807, 0.692843, 482117
ahf, 2015-12-14, 0.135, 0.125, 0.135, 0.125, 515318
mxi, 2015-12-14, 0.565, 0.56, 0.575, 0.56, 35692
eas, 2015-12-14, 1, 1, 1, 1, 18000
gc1, 2015-12-14, 0.965, 0.98, 0.98, 0.965, 30398
obj, 2015-12-14, 0.057, 0.057, 0.058, 0.056, 1441441
bkt, 2015-12-14, 0.06, 0.058, 0.06, 0.058, 50580
tou, 2015-12-14, 0.09932, 0.09932, 0.09932, 0.09932, 11806
nag, 2015-12-14, 0.093, 0.1, 0.11, 0.092, 3669929
lon, 2015-12-14, 0.78712, 0.78712, 0.78712, 0.78712, 4065
mll, 2015-12-14, 0.0824024, 0.0824024, 0.0824024, 0.0824024, 40290
moq, 2015-12-14, 0.35, 0.36, 0.36, 0.35, 159305
mmj, 2015-12-14, 0.23, 0.225, 0.235, 0.225, 223600
cv1, 2015-12-14, 0.357336, 0.34741, 0.357336, 0.34741, 49365
lom, 2015-12-14, 0.239304, 0.2343185, 0.2442895, 0.229333, 318535
gmc, 2015-12-14, 0.009, 0.012, 0.012, 0.0072, 2238333
bno, 2015-12-14, 0.38, 0.375, 0.39, 0.375, 96237
tia, 2015-12-14, 0.7, 0.7, 0.7, 0.7, 29067
rtg, 2015-12-14, 0.4, 0.4, 0.4, 0.4, 46350
avl, 2015-12-14, 0.0087003, 0.0087003, 0.0087003, 0.0087003, 517224
prx, 2015-12-14, 0.074, 0.073, 0.074, 0.073, 126334
xrf, 2015-12-14, 0.18, 0.175, 0.19, 0.175, 73517
mat, 2015-12-14, 0.163638, 0.18182, 0.18182, 0.163638, 167940
lng, 2015-12-14, 0.935, 0.885, 0.935, 0.875, 4577766
toe, 2015-12-14, 0.068, 0.069, 0.07, 0.067, 265939
wbt, 2015-12-14, 1.3717, 1.3717, 1.3717, 1.247, 745468
s2r, 2015-12-14, 0.16, 0.16, 0.165, 0.155, 358018
xam, 2015-12-14, 0.119796, 0.119796, 0.119796, 0.119796, 182811
klo, 2015-12-14, 0.23, 0.23, 0.25, 0.23, 272000
sit, 2015-12-14, 0.3, 0.3, 0.3, 0.3, 45000
czr, 2015-12-14, 0.01, 0.009, 0.01, 0.009, 14333
chz, 2015-12-14, 0.0421652, 0.0392903, 0.0421652, 0.0392903, 167730
emh, 2015-12-14, 0.18, 0.18, 0.185, 0.175, 237557
vec, 2015-12-14, 0.003, 0.003, 0.003, 0.003, 474400
pdz, 2015-12-14, 0.15, 0.15, 0.15, 0.15, 5000
aiv, 2015-12-14, 0.0435015, 0.038668, 0.0435015, 0.038668, 9129
anp, 2015-12-14, 0.063, 0.063, 0.063, 0.063, 49181
ybr, 2015-12-14, 0.25, 0.22, 0.255, 0.22, 950384
blu, 2015-12-14, 0.029, 0.029, 0.029, 0.029, 170000
pg1, 2015-12-14, 47.682932582, 48.49111788, 50.107488476, 45.258376688, 536
siv, 2015-12-14, 8.90566067, 8.91547948, 8.98421115, 8.78783495, 24377
cdy, 2015-12-14, 0.48, 0.48, 0.48, 0.48, 43833
apc, 2015-12-14, 0.06115835, 0.06115835, 0.06115835, 0.06115835, 30413
acr, 2015-12-14, 0.68, 0.685, 0.695, 0.68, 177898
egr, 2015-12-14, 0.17, 0.165, 0.17, 0.16, 96703
ais, 2015-12-14, 0.03516, 0.03516, 0.03516, 0.03516, 162116
atr, 2015-12-14, 0.18, 0.19, 0.19, 0.18, 51574
vml, 2015-12-14, 0.0126048, 0.0135744, 0.0155136, 0.0126048, 670720
rxm, 2015-12-14, 0.065, 0.065, 0.065, 0.065, 20000
ime, 2015-12-14, 0.84, 0.84, 0.84, 0.8, 17838
wld, 2015-12-14, 1.39231, 1.362895, 1.39231, 1.35309, 977870
acw, 2015-12-14, 0.046, 0.048, 0.048, 0.046, 162000
td1, 2015-12-14, 0.083629, 0.083629, 0.083629, 0.083629, 23437
eve, 2015-12-14, 0.009625, 0.009625, 0.009625, 0.009625, 571429
ipt, 2015-12-14, 0.031, 0.032, 0.032, 0.031, 117981
mei, 2015-12-14, 0.024, 0.024, 0.024, 0.024, 112500
rdm, 2015-12-14, 0.0313216, 0.0313216, 0.0313216, 0.0313216, 258687
dkm, 2015-12-14, 0.1, 0.1, 0.1, 0.1, 10000
pnc, 2015-12-14, 1.6980095, 1.69303, 1.702989, 1.69303, 116994
hgo, 2015-12-14, 0.17, 0.17, 0.17, 0.17, 20526
ags, 2015-12-14, 0.107430645, 0.107430645, 0.107430645, 0.107430645, 31330
gml, 2015-12-14, 0.01, 0.01, 0.01, 0.01, 380000
hxg, 2015-12-14, 0.063, 0.065, 0.066, 0.063, 469126
av1, 2015-12-14, 0.597609, 0.614931, 0.614931, 0.597609, 54034
cnw, 2015-12-14, 0.041, 0.04, 0.044, 0.04, 2943873
azv, 2015-12-14, 0.086282592, 0.084321624, 0.086282592, 0.084321624, 241767
hrr, 2015-12-14, 0.695627088, 0.710749416, 0.710749416, 0.68050476, 15871
psc, 2015-12-14, 0.058284, 0.058284, 0.058284, 0.058284, 31418
mce, 2015-12-14, 0.56, 0.495, 0.56, 0.475, 181785
e25, 2015-12-14, 0.275, 0.275, 0.275, 0.275, 3636
ecp, 2015-12-14, 0.935, 0.935, 0.935, 0.935, 4176
gfl, 2015-12-14, 1.2986055, 1.373238, 1.39314, 1.2986055, 16524
ics, 2015-12-14, 1.75, 1.76, 1.76, 1.75, 2346
rgs, 2015-12-14, 0.092853, 0.09774, 0.09774, 0.092853, 61387
vpr, 2015-12-14, 0.042, 0.04, 0.043, 0.04, 417028
sau, 2015-12-14, 0.2027655, 0.19782, 0.2027655, 0.19782, 52402
fex, 2015-12-14, 0.013, 0.013, 0.013, 0.013, 18550
dcc, 2015-12-14, 0.135, 0.135, 0.135, 0.135, 14784
awv, 2015-12-14, 0.029918592, 0.03324288, 0.03324288, 0.029918592, 6317
vrc, 2015-12-14, 0.0367595, 0.0367595, 0.037753, 0.0367595, 1297827
cdx, 2015-12-14, 0.19444, 0.209023, 0.209023, 0.189579, 405031
sya, 2015-12-14, 0.01411008, 0.01411008, 0.01411008, 0.01411008, 20621
mgl, 2015-12-14, 0.022, 0.022, 0.023, 0.022, 861571
blg, 2015-12-14, 0.0645758, 0.0636912, 0.0645758, 0.0636912, 62175
ptx, 2015-12-14, 0.088094324, 0.079476401, 0.088094324, 0.079476401, 156885
axi, 2015-12-14, 0.055, 0.055, 0.055, 0.055, 15000
vor, 2015-12-14, 0.24, 0.22, 0.26, 0.22, 211849
drx, 2015-12-14, 0.007, 0.007, 0.007, 0.007, 43000
gbz, 2015-12-14, 0.15, 0.16, 0.16, 0.15, 42500
pio, 2015-12-14, 0.015, 0.015, 0.015, 0.015, 324412
ajq, 2015-12-14, 0.11296416, 0.11296416, 0.11296416, 0.11296416, 6019
dev, 2015-12-14, 0.003371076, 0.004213845, 0.004213845, 0.003371076, 2566540
kai, 2015-12-14, 0.04899, 0.039192, 0.04899, 0.039192, 1685149
mil, 2015-12-14, 2.15, 2.14, 2.15, 2.13, 27933
mep, 2015-12-14, 0.062, 0.06, 0.062, 0.06, 32280
ath, 2015-12-14, 0.105, 0.105, 0.105, 0.105, 11660
a1m, 2015-12-14, 2.5, 2.4, 2.5, 2.4, 13527
vxr, 2015-12-14, 0.078419016, 0.078419016, 0.078419016, 0.078419016, 153024
lnu, 2015-12-14, 0.08, 0.079, 0.08, 0.075, 693739
ele, 2015-12-14, 0.135, 0.135, 0.135, 0.105, 290280
frm, 2015-12-14, 1.115, 1.195, 1.23, 1.11, 398936
myq, 2015-12-14, 0.115, 0.1, 0.115, 0.1, 835954
tps, 2015-12-14, 0.217, 0.217, 0.224, 0.217, 209756
lny, 2015-12-14, 0.003, 0.003, 0.003, 0.003, 333350
cgb, 2015-12-14, 0.012, 0.011, 0.012, 0.011, 1083746
vys, 2015-12-14, 0.024, 0.022, 0.024, 0.022, 647543
sor, 2015-12-14, 0.17, 0.165, 0.175, 0.165, 461031
xpl, 2015-12-14, 0.36, 0.375, 0.375, 0.36, 145173
pmy, 2015-12-14, 0.006, 0.006, 0.006, 0.006, 83445
auc, 2015-12-14, 0.0296329, 0.0296329, 0.0296329, 0.0296329, 10461
bla, 2015-12-14, 6.653636, 6.465232, 6.703216, 6.455316, 57080
agr, 2015-12-14, 0.7, 0.625, 0.7, 0.625, 23428
caf, 2015-12-14, 0.345, 0.34, 0.345, 0.33, 212402
esh, 2015-12-14, 0.01, 0.01, 0.01, 0.01, 100000
nwe, 2015-12-14, 0.003, 0.003, 0.003, 0.003, 1600000
bug, 2015-12-14, 0.618975, 0.6288, 0.6288, 0.618975, 34361
pab, 2015-12-14, 0.008685, 0.008685, 0.008685, 0.008685, 196891
fsg, 2015-12-14, 0.09167, 0.09167, 0.09167, 0.09167, 32726
tlm, 2015-12-14, 0.43, 0.43, 0.43, 0.42, 164108
wbe, 2015-12-14, 0.0447984, 0.0438651, 0.0447984, 0.0438651, 272943
viv, 2015-12-14, 0.066, 0.065, 0.069, 0.065, 236000
avq, 2015-12-14, 0.24, 0.24, 0.24, 0.21, 543043
pwn, 2015-12-14, 0.025, 0.022, 0.025, 0.022, 160000
ovt, 2015-12-14, 0.495, 0.495, 0.495, 0.485, 194631
llo, 2015-12-14, 0.345, 0.35, 0.35, 0.345, 6000
rpm, 2015-12-14, 0.004, 0.004, 0.004, 0.004, 1014035
hng, 2015-12-14, 0.4009152, 0.4009152, 0.4009152, 0.4009152, 11524
ixr, 2015-12-14, 0.007, 0.007, 0.007, 0.007, 1720375
cxz, 2015-12-14, 0.205, 0.2, 0.205, 0.2, 162500
mse, 2015-12-14, 0.027144, 0.027144, 0.027144, 0.027144, 26078
ce1, 2015-12-14, 0.036, 0.033, 0.036, 0.033, 478073
osp, 2015-12-14, 0.20780088, 0.21274852, 0.21274852, 0.20285324, 127275
lcl, 2015-12-14, 3.1302, 3.1302, 3.1302, 3.1302, 51
azs, 2015-12-14, 0.78, 0.76, 0.78, 0.76, 136960
oda, 2015-12-14, 4.35, 4.35, 4.425, 4.35, 27957
mwr, 2015-12-14, 0.12317825, 0.1226875, 0.12317825, 0.1226875, 133021
kbc, 2015-12-14, 0.18, 0.175, 0.18, 0.175, 59991
dvn, 2015-12-14, 0.78, 0.785, 0.785, 0.78, 603134
ivr, 2015-12-14, 0.011, 0.011, 0.012, 0.011, 1013996
abx, 2015-12-14, 0.19, 0.19, 0.2, 0.19, 139513
bnr, 2015-12-14, 0.0048415, 0.004631, 0.0048415, 0.004631, 528898
iq3, 2015-12-14, 0.285, 0.29, 0.29, 0.285, 4877
afr, 2015-12-14, 0.052, 0.052, 0.052, 0.052, 128750
sva, 2015-12-14, 0.231816, 0.19318, 0.231816, 0.19318, 88807
rno, 2015-12-14, 0.3, 0.28, 0.3, 0.28, 37792
oau, 2015-12-14, 0.0675, 0.065625, 0.0684375, 0.065625, 702976
cgn, 2015-12-14, 0.07, 0.067, 0.07, 0.067, 413870
euc, 2015-12-14, 0.649935, 0.649935, 0.649935, 0.649935, 10383
zgl, 2015-12-14, 0.165, 0.16, 0.165, 0.16, 11724
vms, 2015-12-14, 0.0200004, 0.019048, 0.0200004, 0.019048, 455307
cto, 2015-12-14, 0.017, 0.018, 0.018, 0.017, 430000
nvo, 2015-12-14, 0.0342864, 0.100002, 0.100002, 0.0342864, 1745244
au1, 2015-12-14, 0.675, 0.3375, 0.675, 0.3375, 111276
bar, 2015-12-14, 0.007, 0.009, 0.009, 0.007, 531073
adr, 2015-12-14, 0.665, 0.655, 0.665, 0.65, 19077
hnr, 2015-12-14, 0.0031995, 0.0031995, 0.0031995, 0.0031995, 821541
ktg, 2015-12-14, 0.092853, 0.092853, 0.092853, 0.092853, 12116
fdm, 2015-12-14, 0.066, 0.065, 0.066, 0.064, 143726
nwc, 2015-12-14, 0.038096, 0.038096, 0.038096, 0.038096, 262
mbm, 2015-12-14, 0.112, 0.112, 0.112, 0.112, 39286
may, 2015-12-14, 0.014, 0.015, 0.015, 0.014, 700000
rnt, 2015-12-14, 0.37854726, 0.40281311, 0.41251945, 0.36398775, 1596690
pil, 2015-12-14, 0.028, 0.028, 0.028, 0.026, 2359913
vrs, 2015-12-14, 0.16, 0.16, 0.16, 0.16, 200000
mhc, 2015-12-14, 0.025, 0.025, 0.025, 0.025, 109475
ave, 2015-12-14, 0.011718, 0.011718, 0.0126945, 0.011718, 763034
cce, 2015-12-14, 0.048, 0.048, 0.049, 0.047, 1875127
tpp, 2015-12-14, 0.106513, 0.1016715, 0.106513, 0.1016715, 243789
kko, 2015-12-14, 0.048, 0.048, 0.048, 0.048, 50000
teg, 2015-12-14, 0.0247675, 0.0247675, 0.0247675, 0.0247675, 22368
epm, 2015-12-14, 0.006, 0.006, 0.006, 0.006, 861783
msr, 2015-12-14, 0.0032, 0.0032, 0.0032, 0.0032, 256146
rim, 2015-12-14, 0.017, 0.017, 0.017, 0.017, 60000
arq, 2015-12-14, 2.034084, 2.044055, 2.09391, 2.004171, 174849
acb, 2015-12-14, 0.019788, 0.019788, 0.019788, 0.019788, 96018
8co, 2015-12-14, 0.20438055, 0.20892234, 0.20892234, 0.20438055, 152354
pxx, 2015-12-14, 0.14553, 0.14553, 0.14553, 0.14553, 3092
stm, 2015-12-14, 0.021, 0.021, 0.021, 0.021, 18754
wwi, 2015-12-14, 0.025, 0.024, 0.025, 0.024, 81666
cwl, 2015-12-14, 0.29538, 0.305226, 0.315072, 0.29538, 32501
anr, 2015-12-14, 0.96, 0.94, 0.96, 0.94, 51528
eqe, 2015-12-14, 0.009753, 0.009753, 0.009753, 0.009753, 256331
blv, 2015-12-14, 0.937875, 0.953125, 0.953125, 0.937875, 24775
cxu, 2015-12-14, 0.1, 0.1, 0.1, 0.1, 21224
dti, 2015-12-14, 0.332962, 0.2986865, 0.332962, 0.29379, 228078
bux, 2015-12-14, 0.065, 0.066, 0.066, 0.064, 372145
six, 2015-12-14, 0.295, 0.29, 0.295, 0.28, 14988
inv, 2015-12-14, 0.26, 0.26, 0.26, 0.26, 8000
asq, 2015-12-14, 0.084, 0.084, 0.084, 0.084, 1061
caz, 2015-12-14, 0.039, 0.04, 0.04, 0.039, 222000
mrv, 2015-12-14, 0.00466355, 0.00373084, 0.00466355, 0.00373084, 2353909
sw1, 2015-12-14, 0.1604225, 0.1604225, 0.1604225, 0.1604225, 17236
ard, 2015-12-14, 0.01953, 0.01953, 0.01953, 0.01953, 148490
kam, 2015-12-14, 0.68, 0.68, 0.68, 0.68, 30604
bcc, 2015-12-14, 0.44, 0.425, 0.44, 0.425, 47000
mel, 2015-12-14, 0.056, 0.056, 0.057, 0.056, 969807
ect, 2015-12-14, 0.01725, 0.01725, 0.0195, 0.01725, 78052164
erl, 2015-12-14, 0.0110652, 0.0110652, 0.0110652, 0.0110652, 55450
aeb, 2015-12-14, 0.0348085, 0.0348085, 0.0348085, 0.0348085, 98826
awn, 2015-12-14, 0.525, 0.525, 0.525, 0.525, 38530
aee, 2015-12-14, 0.015, 0.015, 0.015, 0.015, 50000
mrq, 2015-12-14, 0.0443352, 0.0443352, 0.0443352, 0.0443352, 157888
psz, 2015-12-14, 0.40359732, 0.3912423, 0.40359732, 0.3912423, 243236
bsm, 2015-12-14, 0.00735658, 0.00735658, 0.00735658, 0.00735658, 859775
crb, 2015-12-14, 0.06, 0.06, 0.06, 0.06, 17174
odm, 2015-12-14, 0.044, 0.043, 0.044, 0.043, 1025000
abv, 2015-12-14, 0.064169, 0.064169, 0.064169, 0.064169, 13614
bxn, 2015-12-14, 0.0147, 0.0147, 0.0147, 0.0147, 154286
clz, 2015-12-14, 0.005, 0.005, 0.005, 0.005, 300000
aqd, 2015-12-14, 0.014, 0.014, 0.014, 0.014, 15000
tcn, 2015-12-14, 0.083, 0.087, 0.087, 0.083, 307200
cm8, 2015-12-14, 0.26, 0.255, 0.265, 0.245, 1276221
aul, 2015-12-14, 0.014, 0.014, 0.014, 0.014, 145000
hyd, 2015-12-14, 1.55, 1.4, 1.55, 1.4, 47851
inp, 2015-12-14, 1.105495, 1.05743, 1.105495, 1.05743, 31591
yow, 2015-12-14, 0.95, 0.93, 0.955, 0.92, 413696
srk, 2015-12-14, 0.05, 0.05, 0.05, 0.05, 7074
age, 2015-12-14, 0.0233328, 0.024305, 0.024305, 0.0233328, 807815
lmg, 2015-12-14, 0.009, 0.009, 0.009, 0.009, 250000
rle, 2015-12-14, 0.087, 0.087, 0.088, 0.087, 100795
pgr, 2015-12-14, 0.615, 0.615, 0.625, 0.61, 15579
pgm, 2015-12-14, 0.052, 0.051, 0.052, 0.051, 129500
lct, 2015-12-14, 0.048, 0.043, 0.048, 0.043, 580596
gmr, 2015-12-14, 0.041787, 0.041787, 0.041787, 0.041787, 35896
sri, 2015-12-14, 0.42, 0.408, 0.444, 0.408, 36495
icn, 2015-12-14, 0.035, 0.035, 0.035, 0.035, 498
adv, 2015-12-14, 0.011, 0.01, 0.011, 0.01, 1679683
tnr, 2015-12-14, 0.265, 0.25, 0.265, 0.25, 150802
aqc, 2015-12-14, 1.6, 1.4, 1.6, 1.4, 11346
auq, 2015-12-14, 0.0138404, 0.0138404, 0.0138404, 0.0138404, 40461
meb, 2015-12-14, 0.28044, 0.28044, 0.28044, 0.266418, 19454
ady, 2015-12-14, 0.013, 0.013, 0.013, 0.013, 4800
syt, 2015-12-14, 0.0108329, 0.0099996, 0.0108329, 0.0091663, 8376335
rbr, 2015-12-14, 0.011, 0.011, 0.011, 0.011, 35000
czl, 2015-12-14, 0.03995008, 0.043424, 0.043424, 0.03995008, 2071283
amd, 2015-12-14, 0.07, 0.035, 0.07, 0.035, 54163
hwh, 2015-12-14, 0.05, 0.056, 0.063, 0.05, 2775960
4ce, 2015-12-14, 0.0222864, 0.0222864, 0.0222864, 0.0222864, 1859501
buy, 2015-12-14, 0.01, 0.01, 0.011, 0.01, 1164956
cxx, 2015-12-14, 0.235, 0.235, 0.235, 0.235, 5000
bat, 2015-12-14, 0.059, 0.056, 0.059, 0.056, 674072
kta, 2015-12-14, 0.1167885, 0.1167885, 0.1167885, 0.1167885, 115594
aur, 2015-12-14, 0.075, 0.075, 0.075, 0.075, 24800
ffg, 2015-12-14, 0.0382482, 0.035415, 0.0389565, 0.035415, 134488
ibg, 2015-12-14, 0.04, 0.039, 0.04, 0.035, 807796
hcd, 2015-12-14, 0.069405, 0.069405, 0.069405, 0.069405, 235534
aly, 2015-12-14, 0.014722064, 0.012881806, 0.014722064, 0.012881806, 3408557
ahn, 2015-12-14, 0.00925, 0.0111, 0.0111, 0.00925, 60682
ptr, 2015-12-14, 0.111432, 0.09286, 0.111432, 0.09286, 173649
aph, 2015-12-14, 0.094, 0.094, 0.094, 0.094, 18788
fel, 2015-12-14, 0.036, 0.036, 0.036, 0.036, 97477
sxa, 2015-12-14, 0.2450049, 0.250005, 0.250005, 0.2450049, 7754
dvl, 2015-12-14, 0.33712, 0.327488, 0.33712, 0.327488, 10382
caq, 2015-12-14, 0.145, 0.145, 0.145, 0.145, 70000
ent, 2015-12-14, 0.038, 0.025, 0.038, 0.025, 11420305
glh, 2015-12-14, 0.206162, 0.206162, 0.206162, 0.206162, 10876
nor, 2015-12-14, 0.9814, 0.88326, 0.9814, 0.863632, 4230928
mnb, 2015-12-14, 0.001875, 0.001875, 0.001875, 0.001875, 880000
emt, 2015-12-14, 0.023, 0.022, 0.023, 0.022, 580827
atx, 2015-12-14, 1.9754, 1.9754, 1.9754, 1.9754, 12696
pgi, 2015-12-14, 0.0736944, 0.0736944, 0.0736944, 0.0736944, 14135
mnw, 2015-12-14, 0.11, 0.086, 0.11, 0.086, 4680133
nxm, 2015-12-14, 0.072, 0.07, 0.072, 0.07, 32588
pcl, 2015-12-14, 0.004, 0.003, 0.004, 0.003, 5541514
sud, 2015-12-14, 0.674920375, 0.674920375, 0.674920375, 0.65314875, 66891
ahl, 2015-12-14, 0.372998, 0.37932, 0.37932, 0.366676, 243107
cad, 2015-12-14, 0.01, 0.01, 0.01, 0.01, 0
frx, 2015-12-14, 0.212111, 0.18052, 0.22565, 0.171494, 264079
sry, 2015-12-14, 0.047, 0.048, 0.048, 0.047, 41084
gbe, 2015-12-14, 0.024, 0.026, 0.026, 0.024, 494143
lsr, 2015-12-14, 0.0312384, 0.0312384, 0.0312384, 0.0312384, 108072
ypb, 2015-12-14, 0.3, 0.31, 0.31, 0.29, 161969
gbp, 2015-12-14, 0.036, 0.035, 0.036, 0.035, 86176
brk, 2015-12-14, 0.01, 0.01, 0.01, 0.01, 21262
1ag, 2015-12-14, 0.063382, 0.064856, 0.067067, 0.061908, 1225707
dhr, 2015-12-14, 0.004, 0.004, 0.004, 0.004, 500000
cvv, 2015-12-14, 0.08608167, 0.08608167, 0.08608167, 0.08608167, 3565
ayr, 2015-12-14, 0.06, 0.06, 0.06, 0.06, 15846
kte, 2015-12-14, 0.029, 0.027, 0.029, 0.027, 395700
vpc, 2015-12-14, 0.05187182, 0.048099324, 0.053758068, 0.048099324, 4111730
fnt, 2015-12-14, 0.0148785, 0.0148785, 0.0148785, 0.0148785, 93255
esr, 2015-12-14, 0.031, 0.031, 0.031, 0.031, 50000
mar, 2015-12-14, 0.4, 0.4, 0.4, 0.4, 932
wtl, 2015-12-14, 0.32, 0.32, 0.32, 0.32, 18375
rmp, 2015-12-14, 0.021, 0.022, 0.022, 0.021, 2086367
emu, 2015-12-14, 0.0743974, 0.077296, 0.077296, 0.0743974, 89805
ana, 2015-12-14, 0.036, 0.036, 0.039, 0.036, 105942
ajc, 2015-12-14, 0.001821375, 0.001821375, 0.001821375, 0.001821375, 82355
icg, 2015-12-14, 0.006968392, 0.006097343, 0.006968392, 0.006097343, 22887789
fun, 2015-12-14, 0.411372108, 0.411372108, 0.411372108, 0.411372108, 3938
qfy, 2015-12-14, 0.0698943, 0.0698943, 0.0698943, 0.0698943, 114552
tmx, 2015-12-14, 0.005, 0.006, 0.006, 0.005, 243115
nzs, 2015-12-14, 0.009, 0.008, 0.009, 0.008, 665581
tzl, 2015-12-14, 0.656634, 0.666583, 0.666583, 0.636736, 9127
ivo, 2015-12-14, 0.88, 0.88, 0.9, 0.86, 46810
rie, 2015-12-14, 0.0075792, 0.0075792, 0.0075792, 0.0075792, 248364
hhy, 2015-12-14, 0.0868848, 0.0859404, 0.0868848, 0.0831072, 58838
daf, 2015-12-14, 0.005, 0.005, 0.005, 0.005, 1435422
kkl, 2015-12-14, 0.09, 0.09, 0.09, 0.09, 54261
lcd, 2015-12-14, 0.028572, 0.028572, 0.028572, 0.028572, 7875
nse, 2015-12-14, 0.008, 0.009, 0.009, 0.008, 462489
aev, 2015-12-14, 0.12345, 0.12345, 0.12345, 0.12345, 177400
xpe, 2015-12-14, 0.082, 0.078, 0.086, 0.076, 5365796
fin, 2015-12-14, 0.03, 0.03, 0.03, 0.028, 2810557
nme, 2015-12-14, 0.006, 0.006, 0.006, 0.006, 4000
oxx, 2015-12-14, 0.04, 0.04, 0.04, 0.04, 42297
zip, 2015-12-14, 0.504613, 0.4522475, 0.504613, 0.4522475, 347594
ddt, 2015-12-14, 0.02185, 0.02185, 0.0228, 0.02185, 1268586
vic, 2015-12-14, 0.21, 0.21, 0.225, 0.21, 394274
glv, 2015-12-14, 0.001, 0.001, 0.001, 0.001, 4325000
ftt, 2015-12-14, 0.034412796, 0.033456885, 0.034412796, 0.033456885, 178977
fam, 2015-12-14, 1.48, 1.44, 1.52, 1.44, 33790
xtd, 2015-12-14, 0.165, 0.165, 0.165, 0.165, 20000
re1, 2015-12-14, 2.07, 2.07, 2.07, 2.07, 19678
atp, 2015-12-14, 0.035, 0.035, 0.035, 0.035, 18570
cav, 2015-12-14, 0.008, 0.008, 0.008, 0.008, 1375144
spq, 2015-12-14, 0.0065002, 0.0065002, 0.0065002, 0.0065002, 86151
enb, 2015-12-14, 0.02, 0.02, 0.02, 0.02, 92917
ser, 2015-12-14, 0.0165648, 0.0185136, 0.0185136, 0.0165648, 153941
apg, 2015-12-14, 0.005, 0.005, 0.005, 0.005, 1004599
ims, 2015-12-14, 0.42, 0.39, 0.44, 0.39, 5965008
ffr, 2015-12-14, 0.346136154, 0.346136154, 0.346136154, 0.346136154, 16268
mmr, 2015-12-14, 0.019275744, 0.019275744, 0.019275744, 0.019275744, 2801
blz, 2015-12-14, 0.052, 0.051, 0.052, 0.051, 200000
axt, 2015-12-14, 0.095, 0.09, 0.095, 0.09, 66000
mrd, 2015-12-14, 0.0105, 0.0105, 0.0105, 0.0105, 57719
bph, 2015-12-14, 0.0525, 0.0525, 0.0525, 0.0525, 473
nae, 2015-12-14, 0.005, 0.005, 0.005, 0.005, 32809
via, 2015-12-14, 1.24, 1.545, 1.6, 1.24, 58000
rmx, 2015-12-14, 0.0256, 0.0512, 0.0512, 0.0256, 14063
rev, 2015-12-14, 0.16581735, 0.1613358, 0.16581735, 0.1613358, 414812
aro, 2015-12-14, 0.0054, 0.0054, 0.0054, 0.0054, 13333
cfe, 2015-12-14, 0.018, 0.018, 0.018, 0.018, 642050
wcn, 2015-12-14, 0.193415285, 0.193415285, 0.193415285, 0.193415285, 25786
grv, 2015-12-14, 0.023, 0.023, 0.023, 0.023, 920620
jka, 2015-12-14, 0.0049716, 0.0049716, 0.0049716, 0.0049716, 174994
cmd, 2015-12-14, 0.128, 0.128, 0.128, 0.128, 25000
rne, 2015-12-14, 0.271098293, 0.271098293, 0.28044651, 0.271098293, 12078
utr, 2015-12-14, 0.024, 0.023, 0.024, 0.023, 190000
mgt, 2015-12-14, 0.00851466, 0.00851466, 0.00851466, 0.00851466, 4522
vka, 2015-12-14, 0.013, 0.017, 0.017, 0.013, 607341
rfn, 2015-12-14, 0.54, 0.58, 0.58, 0.515, 518644
gcr, 2015-12-14, 0.072, 0.072, 0.072, 0.072, 5000
rpg, 2015-12-14, 0.4, 0.4, 0.4, 0.4, 1550
gla, 2015-12-14, 0.003, 0.003, 0.003, 0.003, 40000
akn, 2015-12-14, 0.029, 0.029, 0.029, 0.029, 172413
pak, 2015-12-14, 0.048094373, 0.048094373, 0.048094373, 0.048094373, 78972
ahk, 2015-12-14, 0.075, 0.075, 0.075, 0.075, 14995
tpd, 2015-12-14, 0.009, 0.008, 0.009, 0.008, 376702
iam, 2015-12-14, 0.017, 0.015, 0.017, 0.015, 24859435
tkl, 2015-12-14, 0.014, 0.014, 0.014, 0.014, 9000
pgy, 2015-12-14, 0.05, 0.05, 0.05, 0.05, 50000
rxh, 2015-12-14, 0.165, 0.165, 0.165, 0.16, 86500
gge, 2015-12-14, 0.0081662, 0.0081662, 0.0081662, 0.0081662, 730774
kas, 2015-12-14, 2, 1.9, 2, 1.8, 5391
lrs, 2015-12-14, 0.13125, 0.13125, 0.13125, 0.13125, 22857
icu, 2015-12-14, 0.185041, 0.185041, 0.185041, 0.185041, 12881
xst, 2015-12-14, 0.005, 0.005, 0.005, 0.005, 9375
rnx, 2015-12-14, 0.003691848, 0.003691848, 0.003691848, 0.003691848, 4484154
idz, 2015-12-14, 0.3506625, 0.345987, 0.3506625, 0.345987, 90652
prm, 2015-12-14, 0.554122944, 0.554122944, 0.554122944, 0.554122944, 1203
mxr, 2015-12-14, 0.210139394, 0.210139394, 0.210139394, 0.210139394, 5552
tom, 2015-12-14, 0.11375, 0.109375, 0.11375, 0.109375, 142857
cgm, 2015-12-14, 0.001, 0.001, 0.001, 0.001, 50000
t3d, 2015-12-14, 0.012, 0.012, 0.012, 0.012, 250000
nxe, 2015-12-14, 1.78506, 1.735475, 1.78506, 1.735475, 827
ccj, 2015-12-14, 0.006, 0.006, 0.006, 0.006, 205000
tnp, 2015-12-14, 0.35732, 0.35732, 0.35732, 0.35732, 47576
aib, 2015-12-14, 0.85, 0.85, 0.85, 0.85, 10000
ppl, 2015-12-14, 0.42, 0.41, 0.42, 0.41, 10801
enx, 2015-12-14, 0.009, 0.01, 0.01, 0.009, 252666
cpt, 2015-12-14, 0.275, 0.265, 0.285, 0.265, 414428
ref, 2015-12-14, 0.135, 0.135, 0.135, 0.135, 20000
