csl, 2006-08-09, 16.5594, 16.4109, 16.6056, 16.4109, 2370591
cba, 2006-08-09, 46.14944, 46.04998, 46.288684, 45.880898, 5312687
bhp, 2006-08-09, 24.72474, 24.67038, 24.8244, 24.52542, 20510483
wbc, 2006-08-09, 22.2240825, 22.40187516, 22.5204036, 21.99690299, 8909742
nab, 2006-08-09, 35.68958, 35.59099, 35.778311, 35.364233, 4493529
wow, 2006-08-09, 19.06, 19.1, 19.16, 18.93, 2300116
anz, 2006-08-09, 26, 26.12, 26.3, 25.67, 4868123
wes, 2006-08-09, 22.8029769, 22.78960272, 22.91665743, 22.64248674, 1958975
tcl, 2006-08-09, 6.87195646, 6.76667579, 6.87195646, 6.74753385, 1737542
tls, 2006-08-09, 3.82, 3.8, 3.84, 3.8, 37604044
fmg, 2006-08-09, 1.001, 1, 1.006, 0.955, 10160740
rio, 2006-08-09, 58.537314, 58.67928, 58.860681, 58.135077, 1869790
gmg, 2006-08-09, 27.92715, 28.19961, 28.29043, 27.7001, 1120202
ncm, 2006-08-09, 17.71392, 17.833858, 17.889214, 17.649338, 1097276
wpl, 2006-08-09, 41.67941, 40.87524256, 41.67941, 40.7967872, 1725737
all, 2006-08-09, 11.87, 11.9, 11.99, 11.75, 2596009
asx, 2006-08-09, 31.750125, 31.1102, 31.750125, 30.5195, 1257970
rhc, 2006-08-09, 9.45, 9.45, 9.5, 9.36, 260994
amc, 2006-08-09, 5.63422833, 5.60850126, 5.66853109, 5.5741985, 2435830
apa, 2006-08-09, 3.85725115, 3.8480453, 3.9401038, 3.8112219, 126302
shl, 2006-08-09, 12.19, 12.12, 12.19, 12, 894267
iag, 2006-08-09, 5.229525, 5.17972, 5.229525, 5.17972, 1990783
syd, 2006-08-09, 2.95891317, 2.95891317, 2.97844395, 2.93938239, 5557718
coh, 2006-08-09, 51.67, 51.01, 51.67, 50.56, 148060
rea, 2006-08-09, 3.86, 3.87, 3.89, 3.86, 23150
qbe, 2006-08-09, 21.89, 21.78, 21.89, 21.55, 2350997
sun, 2006-08-09, 19.06862126, 19.1366194, 19.22404558, 18.80634272, 2083745
nst, 2006-08-09, 0.118425615, 0.118425615, 0.118425615, 0.11483696, 183466
dxs, 2006-08-09, 8.974434, 9.003015, 9.003015, 8.86011, 887722
sto, 2006-08-09, 9.4079934, 9.26325504, 9.4079934, 9.22304994, 2525272
jhx, 2006-08-09, 6.79, 6.72, 6.79, 6.63, 2081632
evn, 2006-08-09, 1.22831222, 1.22831222, 1.22831222, 1.22831222, 45066
org, 2006-08-09, 6.16281175, 6.06080659, 6.16281175, 6.06080659, 2431088
rmd, 2006-08-09, 3, 2.93, 3, 2.905, 2803938
mgr, 2006-08-09, 3.7395325, 3.748415, 3.76618, 3.6862375, 8788682
aia, 2006-08-09, 1.65671184, 1.64685046, 1.65671184, 1.60740494, 382056
spk, 2006-08-09, 2.66904, 2.67696, 2.70072, 2.66112, 6816117
gpt, 2006-08-09, 15.16457052, 15.1976088, 15.26368536, 14.99937912, 2025795
llc, 2006-08-09, 13.670315, 13.679976, 13.747603, 13.573705, 819851
cim, 2006-08-09, 17.0890124, 16.58554008, 17.0890124, 16.54681144, 830238
ast, 2006-08-09, 1.2434072, 1.2386064, 1.2434072, 1.224204, 17801940
afi, 2006-08-09, 4.68, 4.68, 4.69, 4.65, 158235
tpm, 2006-08-09, 0.74519816, 0.7405696, 0.74982672, 0.7405696, 137020
ori, 2006-08-09, 21.0539566, 21.02600887, 21.31480208, 20.9607975, 1009368
sgp, 2006-08-09, 6.442172, 6.47051, 6.508294, 6.32882, 10614938
cpu, 2006-08-09, 7.6, 7.5, 7.6, 7.45, 964147
tah, 2006-08-09, 7.0441353, 6.95665911, 7.0441353, 6.91061901, 3258777
ccl, 2006-08-09, 6.78, 6.58, 6.78, 6.58, 5374015
ctx, 2006-08-09, 24.6, 24.3, 24.7, 24.07, 1315845
sek, 2006-08-09, 4.55, 4.5, 4.55, 4.43, 1985219
osh, 2006-08-09, 3.907344, 3.878112, 3.926832, 3.868368, 4421477
reh, 2006-08-09, 2.81941625, 2.8095925, 2.81941625, 2.8095925, 5090
sar, 2006-08-09, 0.3653573, 0.3653573, 0.3653573, 0.3653573, 13535
arg, 2006-08-09, 7.066035, 7.046325, 7.07589, 7.046325, 97778
qan, 2006-08-09, 3.07, 3.05, 3.07, 3.05, 4691153
dmp, 2006-08-09, 3.5451032, 3.4971964, 3.5451032, 3.4971964, 11522
bsl, 2006-08-09, 28.19021852, 28.63832893, 28.84201548, 28.06800659, 1237838
amp, 2006-08-09, 8.8, 8.81, 8.88, 8.74, 5907756
alu, 2006-08-09, 0.401352, 0.391796, 0.401352, 0.391796, 83717
sol, 2006-08-09, 7.73, 7.72, 7.75, 7.71, 64143
awc, 2006-08-09, 5.1261525, 5.08546875, 5.142426, 5.06919525, 9542568
wor, 2006-08-09, 18.9628187, 18.53311936, 18.9628187, 18.37431743, 737843
ann, 2006-08-09, 8.56, 8.6, 8.65, 8.45, 1167698
jbh, 2006-08-09, 4.702404, 4.712283, 4.712283, 4.64313, 369302
ipl, 2006-08-09, 1.115205, 1.1129475, 1.116108, 1.088115, 2112890
cwy, 2006-08-09, 4.828621, 4.78033479, 4.828621, 4.73894661, 929478
chc, 2006-08-09, 5.2714824, 5.3088688, 5.3088688, 5.2714824, 44771
hvn, 2006-08-09, 3.0753108, 3.0563274, 3.0753108, 3.0088689, 2434602
stw, 2006-08-09, 49, 48.8, 49, 48.5, 29899
min, 2006-08-09, 1.3, 1.3, 1.34, 1.3, 97237
bpt, 2006-08-09, 1.62972294, 1.58580825, 1.62972294, 1.57604943, 2066472
bld, 2006-08-09, 6.82771455, 6.6373002, 6.8367819, 6.5647614, 2246417
tne, 2006-08-09, 0.69, 0.68, 0.69, 0.68, 159031
ilu, 2006-08-09, 6.032166, 6.236797, 6.254591, 5.934299, 1678492
ben, 2006-08-09, 12.147436, 11.979408, 12.147436, 11.880568, 225080
alq, 2006-08-09, 3.2871627, 3.26756444, 3.2871627, 3.26756444, 55280
ozl, 2006-08-09, 30.4, 29.8, 30.4, 29.8, 771850
igo, 2006-08-09, 2.866464, 2.846558, 2.896323, 2.816699, 100018
pme, 2006-08-09, 1.36, 1.355, 1.36, 1.355, 12800
cgf, 2006-08-09, 3.01, 3.02, 3.05, 2.95, 1618521
brg, 2006-08-09, 1.44, 1.485, 1.485, 1.44, 22148
fbu, 2006-08-09, 6.729225, 6.6815, 6.748315, 6.6815, 389009
mlt, 2006-08-09, 4.04, 4.066, 4.07, 4.04, 57830
rrl, 2006-08-09, 1.04478, 1.04478, 1.04478, 0.99729, 59298
mts, 2006-08-09, 4.03, 3.96, 4.03, 3.93, 2831975
dow, 2006-08-09, 5.011248, 4.6923504, 5.1023616, 4.47367776, 24611424
bwp, 2006-08-09, 1.845176765, 1.84992015, 1.854663535, 1.835689995, 637019
boq, 2006-08-09, 12.99591945, 13.024233, 13.1186115, 12.9298545, 143866
hta, 2006-08-09, 0.245, 0.245, 0.245, 0.245, 61308
flt, 2006-08-09, 11.6, 11.42, 11.6, 11.36, 220769
msb, 2006-08-09, 1.25235, 1.2474, 1.2672, 1.2474, 30126
bkw, 2006-08-09, 11.85, 11.6, 11.86, 11.6, 75773
sbm, 2006-08-09, 2.76560082, 2.739993405, 2.791208235, 2.71438599, 196561
cmw, 2006-08-09, 1.01285898, 1.04264895, 1.04264895, 0.992999, 113293
nuf, 2006-08-09, 8.74366064, 8.65191184, 8.74366064, 8.6243872, 629404
ire, 2006-08-09, 5.208636, 5.159866, 5.208636, 5.130604, 276174
csr, 2006-08-09, 9.19153416, 8.93932743, 9.19153416, 8.91130446, 688952
cqr, 2006-08-09, 9.225, 9.25, 9.25, 9.2, 471500
pnv, 2006-08-09, 0.4, 0.405, 0.405, 0.395, 74641
abc, 2006-08-09, 2.45396, 2.43417, 2.45396, 2.424275, 876293
abp, 2006-08-09, 6.625242635, 6.64816735, 6.78571564, 6.579393205, 181072
skc, 2006-08-09, 4.20397059, 4.25207094, 4.25207094, 4.20397059, 79244
hls, 2006-08-09, 8.007874, 8.133433, 8.147384, 8.007874, 429645
ivc, 2006-08-09, 4.68, 4.64, 4.74, 4.57, 89706
eld, 2006-08-09, 159.88286555, 158.25968925, 159.88286555, 156.230718875, 13702
ifl, 2006-08-09, 8.25, 8.16, 8.27, 8.14, 64862
gor, 2006-08-09, 0.17181208, 0.1757169, 0.1757169, 0.17181208, 51238
ppt, 2006-08-09, 69.94, 69, 69.94, 69, 98844
wam, 2006-08-09, 1.625578, 1.635312, 1.635312, 1.625578, 66160
sul, 2006-08-09, 1.677828, 1.69668, 1.734384, 1.668402, 209097
bkl, 2006-08-09, 12.6, 12.6, 12.7, 12.58, 15772
aiz, 2006-08-09, 0.91, 0.9, 0.91, 0.9, 16400
arb, 2006-08-09, 3.11, 3.1, 3.12, 3.1, 30194
sgm, 2006-08-09, 19.1, 19, 19.27, 18.8, 512659
pru, 2006-08-09, 0.53262036, 0.53262036, 0.53262036, 0.53262036, 158364
lyc, 2006-08-09, 2.325, 2.4, 2.4, 2.2875, 115267
evt, 2006-08-09, 4.570896, 4.561452, 4.570896, 4.561452, 77315
ina, 2006-08-09, 6.27565904, 6.21962637, 6.27565904, 6.21962637, 211696
rms, 2006-08-09, 0.189278, 0.184297, 0.189278, 0.184297, 188226
rsg, 2006-08-09, 1.5405016, 1.5054902, 1.54925445, 1.4879845, 110171
nhc, 2006-08-09, 1.285, 1.32, 1.32, 1.28, 46063
cuv, 2006-08-09, 3.300615, 3.300615, 3.300615, 3.300615, 2068
web, 2006-08-09, 0.87823701, 0.86429674, 0.87823701, 0.86429674, 126276
jhg, 2006-08-09, 20.31956, 20.47667, 20.68615, 20.31956, 132187
asb, 2006-08-09, 3.32, 3.3, 3.32, 3.26, 186340
mnd, 2006-08-09, 5.91, 5.93, 5.95, 5.8, 119536
avh, 2006-08-09, 0.97077552, 0.97077552, 0.97077552, 0.97077552, 306
obl, 2006-08-09, 0.522156, 0.54186, 0.551712, 0.522156, 320616
bki, 2006-08-09, 1.3132446, 1.3380228, 1.3380228, 1.3132446, 12107
aui, 2006-08-09, 6.98214, 6.8838, 6.98214, 6.8838, 3559
zim, 2006-08-09, 9.95, 10.2, 10.2, 9.95, 5120
aub, 2006-08-09, 2.704928, 2.76416, 2.76416, 2.704928, 4411
ccp, 2006-08-09, 7.3, 7.4, 7.4, 7.25, 177684
ssm, 2006-08-09, 0.853545, 0.853545, 0.853545, 0.837287, 30570
dui, 2006-08-09, 3.140206, 3.120762, 3.149928, 3.120762, 37014
gnc, 2006-08-09, 3.2162624, 3.27236, 3.27236, 3.2162624, 1332
lep, 2006-08-09, 2.523108, 2.523108, 2.523108, 2.523108, 11652
lic, 2006-08-09, 0.1875, 0.1875, 0.1875, 0.1875, 32000
tgr, 2006-08-09, 1.15, 1.165, 1.165, 1.15, 30500
gud, 2006-08-09, 7.33, 7.33, 7.37, 7.3, 182872
cqe, 2006-08-09, 1.56630782, 1.6538654, 1.6538654, 1.56630782, 119859
shv, 2006-08-09, 11.735971, 11.72694333, 11.735971, 11.69083265, 5460
opt, 2006-08-09, 1.241298, 1.22175, 1.241298, 1.22175, 20311
sfr, 2006-08-09, 0.471864, 0.471864, 0.471864, 0.471864, 239476
vah, 2006-08-09, 1.31289784, 1.31289784, 1.31289784, 1.30458836, 18635
jin, 2006-08-09, 0.37, 0.35, 0.37, 0.35, 22670
agg, 2006-08-09, 12.4869, 12.224325, 12.496625, 12.204875, 46599
cni, 2006-08-09, 2.30507808, 2.30507808, 2.30507808, 2.30507808, 853
mgx, 2006-08-09, 0.9375, 0.9375, 0.94375, 0.925, 368186
gwa, 2006-08-09, 3.0399717, 3.02903655, 3.0399717, 2.98529595, 304205
nea, 2006-08-09, 0.097, 0.097, 0.097, 0.097, 40000
prn, 2006-08-09, 1.38580572, 1.3763139, 1.39529754, 1.35733026, 84610
dtl, 2006-08-09, 0.37, 0.37, 0.37, 0.37, 6980
ocl, 2006-08-09, 1.13, 1.13, 1.13, 1.13, 480
era, 2006-08-09, 5.5790084, 5.70886463, 5.76657851, 5.5309135, 482550
eos, 2006-08-09, 1.25, 1.1, 1.25, 1, 117666
sig, 2006-08-09, 2.169374, 2.20777, 2.217369, 2.159775, 2623972
aac, 2006-08-09, 1.744071, 1.758174, 1.758174, 1.73937, 76890
bub, 2006-08-09, 0.2, 0.2, 0.2, 0.2, 6000
maq, 2006-08-09, 0.71, 0.71, 0.71, 0.71, 8000
ax1, 2006-08-09, 0.155669, 0.155669, 0.155669, 0.155669, 34946
coe, 2006-08-09, 0.43000131, 0.42165177, 0.43417608, 0.42165177, 1136896
wsa, 2006-08-09, 2.571372, 2.551668, 2.591076, 2.51226, 172941
ifm, 2006-08-09, 0.675, 0.68, 0.68, 0.675, 175272
iri, 2006-08-09, 0.45, 0.45, 0.45, 0.45, 35300
djw, 2006-08-09, 4.394344, 4.32629, 4.394344, 4.32629, 84125
mms, 2006-08-09, 3.57, 3.65, 3.65, 3.57, 24903
ifn, 2006-08-09, 1.302868, 1.307766, 1.32246, 1.302868, 3290446
red, 2006-08-09, 1.1, 1.2, 1.2, 1.1, 48917
mah, 2006-08-09, 0.831362, 0.8265285, 0.831362, 0.8071945, 938505
mvp, 2006-08-09, 0.3, 0.3, 0.3, 0.3, 8140
eqt, 2006-08-09, 16.9879, 16.9879, 16.9879, 16.9879, 872
alk, 2006-08-09, 0.19094751, 0.18605142, 0.1958436, 0.18605142, 312872
slf, 2006-08-09, 19.12, 19.25, 19.25, 19.08, 30760
nck, 2006-08-09, 1.32, 1.33, 1.34, 1.32, 36955
deg, 2006-08-09, 22.852923795, 22.06489194, 22.852923795, 22.06489194, 634
ccx, 2006-08-09, 1.775, 1.76875, 1.7875, 1.76875, 63972
bgl, 2006-08-09, 1.145747085, 1.145747085, 1.145747085, 1.145747085, 916
imd, 2006-08-09, 0.645, 0.65, 0.65, 0.645, 131695
pmc, 2006-08-09, 2.21032068, 2.23966122, 2.23966122, 2.21032068, 60077
fgx, 2006-08-09, 396.8492, 391.9377, 396.8492, 391.9377, 8173
spl, 2006-08-09, 0.5, 0.49, 0.5, 0.49, 33593
ehl, 2006-08-09, 16.84310775, 17.276216235, 17.3243394, 16.84310775, 712445
vrl, 2006-08-09, 2.16072846, 2.16072846, 2.16072846, 2.16072846, 1169
cwp, 2006-08-09, 4.6, 4.6, 4.6, 4.6, 1372
mir, 2006-08-09, 1.888836, 1.868742, 1.888836, 1.868742, 37822
clv, 2006-08-09, 0.14, 0.135, 0.14, 0.135, 30000
ppc, 2006-08-09, 3.64154, 3.612791, 3.64154, 3.612791, 3965
chn, 2006-08-09, 0.142796, 0.14772, 0.14772, 0.142796, 33356
leg, 2006-08-09, 0.0261602, 0.0261602, 0.0261602, 0.0261602, 152536
cvn, 2006-08-09, 0.054857, 0.0538596, 0.054857, 0.0528622, 526984
ht1, 2006-08-09, 24.5699818, 24.5699818, 24.72041026, 24.26912488, 473046
pet, 2006-08-09, 0.16915, 0.174125, 0.174125, 0.16915, 411233
rhp, 2006-08-09, 75.9517248, 75.9517248, 75.9517248, 75.9517248, 86
kar, 2006-08-09, 1.425225, 1.43442, 1.4712, 1.370055, 70527
ppk, 2006-08-09, 0.74, 0.735, 0.745, 0.735, 36202
ano, 2006-08-09, 1.21062201, 1.21062201, 1.21062201, 1.21062201, 1652
sxy, 2006-08-09, 0.22748445, 0.22748445, 0.22748445, 0.22748445, 326321
zno, 2006-08-09, 18, 18, 18, 18, 59
mcp, 2006-08-09, 1.440345515, 1.440345515, 1.45509308, 1.43542966, 54856
stx, 2006-08-09, 0.205758, 0.205758, 0.205758, 0.2011856, 175615
grr, 2006-08-09, 1.102446, 1.094895, 1.102446, 1.094895, 186088
pia, 2006-08-09, 1.0602075, 1.065185, 1.0701625, 1.0602075, 153503
twr, 2006-08-09, 2.755008, 2.67848, 2.783706, 2.659348, 1146121
omh, 2006-08-09, 0.2955645, 0.31667625, 0.31667625, 0.2955645, 86966
emr, 2006-08-09, 1.07437, 1.07437, 1.07437, 1.07437, 10239
wax, 2006-08-09, 0.98, 0.985, 0.985, 0.975, 214829
cyl, 2006-08-09, 0.34, 0.345, 0.345, 0.335, 120889
pac, 2006-08-09, 9.64, 9.99, 9.99, 9.64, 7702
tgg, 2006-08-09, 1.38480664, 1.38480664, 1.38480664, 1.38480664, 48463
ric, 2006-08-09, 1.16, 1.135, 1.16, 1.125, 361432
mcr, 2006-08-09, 1.17, 1.15, 1.17, 1.14, 602544
pdn, 2006-08-09, 4.079832, 4.044044, 4.106673, 4.044044, 864824
srv, 2006-08-09, 5.4921944, 5.54123185, 5.54123185, 5.4921944, 28550
pyc, 2006-08-09, 0.38477, 0.38477, 0.38477, 0.38477, 9504
cdp, 2006-08-09, 3.85, 3.85, 3.85, 3.85, 1770
ngi, 2006-08-09, 6.19376664, 6.26495936, 6.26495936, 6.19376664, 247885
wpp, 2006-08-09, 2.466822, 2.457819, 2.466822, 2.457819, 395925
tgp, 2006-08-09, 1.61582922, 1.63038624, 1.63038624, 1.61582922, 925
aba, 2006-08-09, 11.4402, 11.4402, 11.4402, 11.4402, 3016
ksc, 2006-08-09, 3.528, 3.479, 3.528, 3.479, 8163
trs, 2006-08-09, 6.139248, 6.226674, 6.26553, 6.139248, 22923
lyl, 2006-08-09, 2.8, 2.8, 2.8, 2.8, 11000
hlo, 2006-08-09, 7.223742, 7.223742, 7.223742, 7.223742, 89
pnr, 2006-08-09, 0.12460376, 0.14017923, 0.14017923, 0.12460376, 201892
fri, 2006-08-09, 0.81, 0.845, 0.845, 0.81, 14123
alf, 2006-08-09, 0.9403236, 0.93597025, 0.9403236, 0.93597025, 15970
aei, 2006-08-09, 0.5, 0.5, 0.5, 0.5, 3600
cvw, 2006-08-09, 0.73194979, 0.72803562, 0.73194979, 0.72803562, 146023
neu, 2006-08-09, 8.22360287, 8.22360287, 8.22360287, 8.22360287, 417
rfg, 2006-08-09, 0.785, 0.79, 0.79, 0.785, 117648
apd, 2006-08-09, 2.27125, 2.221875, 2.27125, 2.221875, 23696
clh, 2006-08-09, 1.14, 1.15, 1.15, 1.14, 43209
sdg, 2006-08-09, 2.18, 2.15, 2.2, 2.14, 211919
ima, 2006-08-09, 0.482022695, 0.4504885, 0.482022695, 0.44147873, 151527
avj, 2006-08-09, 1.06962772, 1.06469856, 1.07455688, 1.06469856, 140192
agi, 2006-08-09, 0.386607, 0.386607, 0.386607, 0.386607, 23303
mml, 2006-08-09, 0.590915, 0.590915, 0.590915, 0.590915, 34100
ezl, 2006-08-09, 1.405, 1.4, 1.405, 1.4, 32840
vtg, 2006-08-09, 1.245, 1.29, 1.29, 1.245, 5000
sfc, 2006-08-09, 7, 6.98, 7.1, 6.97, 16897
ggg, 2006-08-09, 0.305298, 0.319836, 0.319836, 0.305298, 21416
far, 2006-08-09, 0.149415, 0.1444345, 0.149415, 0.1444345, 315812
fwd, 2006-08-09, 6.129136, 6.177626, 6.177626, 6.070948, 65594
slm, 2006-08-09, 2.709492, 2.719309, 2.719309, 2.699675, 74838
ppg, 2006-08-09, 0.2863665, 0.2863665, 0.2863665, 0.2863665, 56099
imu, 2006-08-09, 0.12843272, 0.123493, 0.12843272, 0.123493, 15345
pps, 2006-08-09, 0.64930504, 0.62507724, 0.64930504, 0.61054056, 194683
rap, 2006-08-09, 0.106942, 0.106942, 0.106942, 0.106942, 3086
swm, 2006-08-09, 8.23233123, 8.0602583, 8.23233123, 8.02403242, 447828
ont, 2006-08-09, 2.2, 2.2, 2.2, 2.2, 2500
ewc, 2006-08-09, 0.08, 0.075, 0.08, 0.075, 887857
cdd, 2006-08-09, 1.12625695, 1.14853456, 1.15100985, 1.12625695, 47178
rex, 2006-08-09, 1.03, 1.04, 1.04, 1.03, 20000
obm, 2006-08-09, 7.735684825, 7.735684825, 7.735684825, 7.59503601, 18534
bsa, 2006-08-09, 0.234425, 0.225048, 0.234425, 0.225048, 115157
jrv, 2006-08-09, 0.693045276, 0.693045276, 0.693045276, 0.693045276, 18555
avg, 2006-08-09, 2.17243, 2.21175, 2.23141, 2.1626, 496185
ccv, 2006-08-09, 0.47568, 0.47568, 0.480635, 0.47568, 94660
egg, 2006-08-09, 81.36594845, 81.36594845, 81.36594845, 81.36594845, 233
wja, 2006-08-09, 0.55046394, 0.55046394, 0.55046394, 0.55046394, 531
pcg, 2006-08-09, 8.55, 8.4, 8.55, 8.4, 5644
apz, 2006-08-09, 11.683083, 11.76097022, 11.76097022, 11.683083, 14060
boc, 2006-08-09, 0.77, 0.8, 0.8, 0.77, 50060
sdv, 2006-08-09, 12.67974092, 11.77404514, 12.67974092, 11.77404514, 7987
sky, 2006-08-09, 0.34, 0.34, 0.3485, 0.3315, 646021
gll, 2006-08-09, 0.620120912, 0.592354304, 0.620120912, 0.592354304, 44514
van, 2006-08-09, 4.436561005, 5.85248473, 5.85248473, 4.436561005, 22482
mrc, 2006-08-09, 0.17955, 0.17955, 0.17955, 0.17955, 34228
dws, 2006-08-09, 1.12, 1.14, 1.14, 1.12, 106380
ans, 2006-08-09, 0.018, 0.017, 0.018, 0.017, 4044117
pan, 2006-08-09, 1.06727634, 1.06271533, 1.09008139, 1.06271533, 216688
sdi, 2006-08-09, 0.72, 0.71, 0.72, 0.71, 41250
pll, 2006-08-09, 0.18, 0.19, 0.19, 0.18, 81250
kcn, 2006-08-09, 4.340208, 4.264064, 4.340208, 4.264064, 261834
fms, 2006-08-09, 0.02437236, 0.02437236, 0.02437236, 0.02437236, 1427192
top, 2006-08-09, 4.901218875, 4.901218875, 4.901218875, 4.71969225, 20592
nmt, 2006-08-09, 0.443727, 0.443727, 0.443727, 0.4390065, 49041
mlx, 2006-08-09, 0.59894816, 0.61766529, 0.63638242, 0.58023103, 139107
pos, 2006-08-09, 0.710042, 0.67813, 0.710042, 0.670152, 881628
cam, 2006-08-09, 0.697970325, 0.70154966, 0.705128995, 0.697970325, 54731
aru, 2006-08-09, 0.33296594, 0.31848916, 0.33296594, 0.31848916, 173695
a2b, 2006-08-09, 6.3, 6.3, 6.34, 6.3, 159963
moc, 2006-08-09, 2.45, 2.49, 2.49, 2.45, 2610
tzn, 2006-08-09, 1.1218482, 1.1218482, 1.1218482, 1.1048505, 32583
bky, 2006-08-09, 0.7587848, 0.77775442, 0.782496825, 0.7587848, 259589
wat, 2006-08-09, 2.172806, 2.152872, 2.172806, 2.152872, 38126
qpr, 2006-08-09, 1745.7269445, 1745.7269445, 1745.7269445, 1736.53890795, 52
adn, 2006-08-09, 0.30030727, 0.30030727, 0.30030727, 0.28633949, 57275
gow, 2006-08-09, 2.68261164, 2.68261164, 2.68261164, 2.68261164, 17843
ang, 2006-08-09, 0.303999885, 0.3002468, 0.30775297, 0.29274063, 390679
ara, 2006-08-09, 0.43, 0.435, 0.435, 0.43, 41471
moz, 2006-08-09, 3.80328, 3.822784, 3.822784, 3.75452, 13452
nsc, 2006-08-09, 1.17605385, 1.17605385, 1.17605385, 1.17605385, 4821
iod, 2006-08-09, 1.013375127, 0.977818105, 1.013375127, 0.977818105, 1406
hzn, 2006-08-09, 0.37861785, 0.3689097, 0.37861785, 0.35920155, 377103
elx, 2006-08-09, 0.704145, 0.6770625, 0.704145, 0.6770625, 38558
mrm, 2006-08-09, 0.55921761, 0.572532315, 0.572532315, 0.55921761, 75368
aut, 2006-08-09, 0.271855675, 0.25930849, 0.271855675, 0.25930849, 85071
rht, 2006-08-09, 0.0217514, 0.0207627, 0.0217514, 0.0207627, 101143
osl, 2006-08-09, 0.16731153, 0.15850566, 0.16731153, 0.15850566, 104262
aar, 2006-08-09, 0.37, 0.38, 0.4, 0.35, 923465
wec, 2006-08-09, 0.92579225, 0.9735135, 0.9735135, 0.92579225, 175423
tng, 2006-08-09, 0.1982474, 0.1982474, 0.1982474, 0.1982474, 13115
gpr, 2006-08-09, 18.26184752, 18.26184752, 18.26184752, 18.26184752, 438
cog, 2006-08-09, 0.712091, 0.712091, 0.712091, 0.708530545, 146216
rkn, 2006-08-09, 0.869768, 0.869768, 0.869768, 0.869768, 23112
coi, 2006-08-09, 0.29083328, 0.29083328, 0.29083328, 0.29083328, 11003
rdf, 2006-08-09, 1.78387697, 1.79321664, 1.79321664, 1.779207135, 27151
ctm, 2006-08-09, 5.10709573, 4.828526872, 5.10709573, 4.828526872, 3317
oec, 2006-08-09, 0.99, 1, 1, 0.99, 6450
css, 2006-08-09, 8.33959776, 8.33959776, 8.33959776, 8.33959776, 249
slx, 2006-08-09, 3.76, 3.77, 3.77, 3.72, 51356
cai, 2006-08-09, 64.588741524, 64.588741524, 64.588741524, 64.588741524, 42
clf, 2006-08-09, 1.6, 1.6, 1.6, 1.6, 5000
tdl, 2006-08-09, 2.49673188, 2.41531671, 2.49673188, 2.24344024, 118327
jan, 2006-08-09, 152.90037912, 143.344105425, 152.90037912, 143.344105425, 16
ede, 2006-08-09, 0.13690222, 0.132012855, 0.13690222, 0.132012855, 25566
tek, 2006-08-09, 6412.8855231, 6691.7066328, 6691.7066328, 6412.8855231, 17
dyl, 2006-08-09, 2.45157474, 2.45157474, 2.45157474, 2.36703768, 27466
cgs, 2006-08-09, 0.2154548, 0.2350416, 0.2350416, 0.2105581, 45949
eeg, 2006-08-09, 1.793025, 1.793025, 1.91256, 1.793025, 31066
ajl, 2006-08-09, 0.53611116, 0.53611116, 0.53611116, 0.53611116, 33463
cue, 2006-08-09, 0.133596, 0.138544, 0.138544, 0.133596, 1103796
sta, 2006-08-09, 3.31455937, 3.31455937, 3.31455937, 3.31455937, 4839
ctp, 2006-08-09, 0.51676248, 0.51676248, 0.51676248, 0.51676248, 15148
try, 2006-08-09, 2.36509587, 2.31978752, 2.36509587, 2.31072585, 22546
tam, 2006-08-09, 2.046419115, 2.00629325, 2.046419115, 2.00629325, 44991
apw, 2006-08-09, 5.69263326, 5.69263326, 5.720538325, 5.69263326, 23444
caa, 2006-08-09, 8.44613375, 8.64884096, 8.64884096, 8.44613375, 3762
cyg, 2006-08-09, 3.843985, 3.93338, 4.022775, 3.8171665, 6965
qhl, 2006-08-09, 0.49477037, 0.5601174, 0.5601174, 0.49477037, 271250
sdl, 2006-08-09, 0.097, 0.097, 0.1, 0.097, 3986000
lck, 2006-08-09, 0.682425215, 0.673265145, 0.682425215, 0.673265145, 313831
lrk, 2006-08-09, 61.07260839, 61.07260839, 61.07260839, 61.07260839, 3
agy, 2006-08-09, 0.030762435, 0.03257199, 0.03981021, 0.030762435, 1443916
lko, 2006-08-09, 0.015053744, 0.014112885, 0.015053744, 0.014112885, 1476310
ptl, 2006-08-09, 9.72418836, 9.72418836, 9.89184678, 9.72418836, 6076
dcg, 2006-08-09, 0.7916, 0.841075, 0.841075, 0.7916, 15159
glb, 2006-08-09, 2.08886, 2.22509, 2.22509, 2.08886, 6882
dxb, 2006-08-09, 8.579377998, 8.579377998, 8.579377998, 8.579377998, 851
sen, 2006-08-09, 0.2766805, 0.2700135, 0.280014, 0.26668, 3383124
fml, 2006-08-09, 2.1, 2.3, 2.3, 2.05, 45016
hil, 2006-08-09, 4.61, 4.67, 4.73, 4.61, 304855
orn, 2006-08-09, 12.81528, 13.00374, 13.00374, 12.81528, 1194
rey, 2006-08-09, 0.862885, 0.8401775, 0.862885, 0.8401775, 12771
moy, 2006-08-09, 3.700943204, 3.700943204, 3.700943204, 3.568766661, 8075
hct, 2006-08-09, 1.1032914, 1.1032914, 1.1032914, 1.1032914, 43506
ahz, 2006-08-09, 53.39581142, 53.39581142, 53.39581142, 53.39581142, 66
pnw, 2006-08-09, 0.62784, 0.6104, 0.62784, 0.6104, 15691
zld, 2006-08-09, 17.79206325, 18.70447675, 18.932580125, 17.79206325, 10204
vii, 2006-08-09, 0.0711, 0.0711, 0.0711, 0.0711, 18987
bis, 2006-08-09, 21.5, 21.75, 21.75, 21.5, 2429
kme, 2006-08-09, 0.70153, 0.70153, 0.70153, 0.70153, 5203
88e, 2006-08-09, 0.189314328, 0.189314328, 0.189314328, 0.189314328, 19967
hrz, 2006-08-09, 0.1230047, 0.1135428, 0.1230047, 0.1135428, 65526
nam, 2006-08-09, 0.65, 0.645, 0.65, 0.645, 52854
mns, 2006-08-09, 0.476442, 0.443745, 0.476442, 0.443745, 120745
qtm, 2006-08-09, 0.065, 0.065, 0.065, 0.065, 10000
kov, 2006-08-09, 4.74, 4.8, 4.8, 4.74, 18200
vmt, 2006-08-09, 1.05, 1.05, 1.05, 1.05, 3312
bmn, 2006-08-09, 0.495, 0.4785, 0.5082, 0.4488, 1070794
pro, 2006-08-09, 0.185, 0.19, 0.19, 0.185, 52988
pen, 2006-08-09, 0.74839136, 0.710971792, 0.74839136, 0.710971792, 24052
skf, 2006-08-09, 734.4, 705.6, 734.4, 705.6, 38
gap, 2006-08-09, 0.791635, 0.8333, 0.8333, 0.791635, 13028
rsh, 2006-08-09, 0.599509214, 0.599509214, 0.599509214, 0.599509214, 8
bol, 2006-08-09, 3.554894, 3.52213, 3.554894, 3.448411, 975032
smc, 2006-08-09, 2.13724102, 2.13724102, 2.13724102, 2.13724102, 2492
lpd, 2006-08-09, 0.4418282, 0.432991636, 0.4418282, 0.432991636, 18296
prt, 2006-08-09, 3.17664, 3.17664, 3.17664, 3.17664, 20856
rxl, 2006-08-09, 0.2722437, 0.26316891, 0.2722437, 0.26316891, 98439
kza, 2006-08-09, 25.6318282, 25.34490475, 25.8231105, 25.34490475, 10689
mpo, 2006-08-09, 0.1995265, 0.1897935, 0.1995265, 0.1897935, 340223
kfe, 2006-08-09, 0.515093708, 0.515093708, 0.515093708, 0.515093708, 2443
ivq, 2006-08-09, 24.96, 24.96, 24.96, 23.92, 1043
ads, 2006-08-09, 0.296753514, 0.291967167, 0.296753514, 0.291967167, 33011
ige, 2006-08-09, 2.14394922, 2.14394922, 2.14394922, 2.14394922, 555
idt, 2006-08-09, 1.1793885, 1.1793885, 1.1793885, 1.1793885, 2006
tap, 2006-08-09, 1.55002575, 1.5261792, 1.55002575, 1.522204775, 641544
pxs, 2006-08-09, 1.856205, 1.8514455, 1.856205, 1.80861, 57011
auz, 2006-08-09, 0.067731752, 0.067731752, 0.067731752, 0.064653036, 410886
dna, 2006-08-09, 6.77721526, 6.77721526, 6.77721526, 6.77721526, 1365
rvr, 2006-08-09, 0.1628, 0.1577125, 0.1628, 0.1577125, 44464
oel, 2006-08-09, 0.11104882, 0.11463104, 0.11463104, 0.11104882, 137405
enr, 2006-08-09, 0.41, 0.41, 0.41, 0.41, 115300
ct1, 2006-08-09, 11.84562545, 12.2277424, 12.2277424, 11.84562545, 447
gtg, 2006-08-09, 0.3219885, 0.326655, 0.326655, 0.317322, 192816
eqx, 2006-08-09, 0.9375, 0.9375, 0.9375, 0.9375, 8360
onx, 2006-08-09, 2.15353275, 2.15353275, 2.282744715, 2.110462095, 272141
tfl, 2006-08-09, 0.11202, 0.11202, 0.11202, 0.11202, 2678
pve, 2006-08-09, 0.638925, 0.638925, 0.638925, 0.638925, 109559
jyc, 2006-08-09, 1.05, 1.05, 1.05, 1.05, 8000
ksn, 2006-08-09, 11.60172, 11.60172, 11.60172, 11.60172, 265
mxi, 2006-08-09, 0.53, 0.52, 0.53, 0.475, 474493
eas, 2006-08-09, 8.9307812, 9.083010425, 9.1337535, 8.82929505, 23846
aiq, 2006-08-09, 2.80150676, 2.83361572, 2.86572468, 2.80150676, 223352
paa, 2006-08-09, 2.13812196, 2.22035742, 2.22035742, 2.13812196, 1465
eme, 2006-08-09, 0.736119, 0.736119, 0.736119, 0.7197608, 25370
obj, 2006-08-09, 0.054182396, 0.05773534, 0.05773534, 0.05329416, 1264100
nag, 2006-08-09, 0.11023488, 0.1049856, 0.11023488, 0.1049856, 276228
lon, 2006-08-09, 250.8945, 245.975, 250.8945, 245.975, 105
ngy, 2006-08-09, 0.837298935, 0.837298935, 0.837298935, 0.837298935, 4097
bno, 2006-08-09, 0.159072, 0.154101, 0.159072, 0.154101, 81473
tia, 2006-08-09, 235.88255052, 242.27695701, 242.27695701, 234.4615713, 1912
prx, 2006-08-09, 0.7032375, 0.7032375, 0.7032375, 0.7032375, 16708
hav, 2006-08-09, 0.67608439, 0.65756153, 0.67608439, 0.65756153, 105599
mat, 2006-08-09, 0.6590975, 0.6590975, 0.6590975, 0.6590975, 224
lng, 2006-08-09, 0.77, 0.75, 0.77, 0.75, 57750
toe, 2006-08-09, 0.85502088, 0.83466324, 0.85502088, 0.82957383, 162911
ses, 2006-08-09, 1.813733264, 2.072838016, 2.072838016, 1.813733264, 3242
nsx, 2006-08-09, 0.5131266, 0.5131266, 0.5131266, 0.5131266, 16785
gev, 2006-08-09, 19.921954545, 19.27931085, 20.56459824, 19.27931085, 3120
pdz, 2006-08-09, 0.3, 0.31, 0.32, 0.3, 145353
seq, 2006-08-09, 14.9994, 12.91615, 14.9994, 12.4995, 480
blu, 2006-08-09, 0.19, 0.19, 0.19, 0.19, 100000
acr, 2006-08-09, 0.845, 0.82, 0.85, 0.82, 58871
lke, 2006-08-09, 0.09, 0.09, 0.09, 0.09, 14667
atr, 2006-08-09, 3, 3, 3, 3, 5000
vml, 2006-08-09, 0.2187552, 0.22787, 0.22787, 0.2187552, 431642
ime, 2006-08-09, 8020.8, 7860.384, 8341.632, 7820.28, 25
kpo, 2006-08-09, 0.021215792, 0.021215792, 0.021215792, 0.021215792, 490201
asp, 2006-08-09, 0.10468804, 0.10468804, 0.10468804, 0.10468804, 16237
mcm, 2006-08-09, 5.8, 6, 6, 5.8, 1627
td1, 2006-08-09, 3.33806025, 3.33806025, 3.404821455, 3.271299045, 20979
coo, 2006-08-09, 0.12, 0.12, 0.12, 0.12, 40000
vmx, 2006-08-09, 6.8, 6.8, 6.8, 6.8, 1450
oil, 2006-08-09, 0.535, 0.53, 0.535, 0.525, 52434
eve, 2006-08-09, 0.0479474, 0.046988452, 0.0479474, 0.046988452, 460980
mei, 2006-08-09, 0.231672, 0.231672, 0.231672, 0.231672, 11026
rdm, 2006-08-09, 0.236364975, 0.236364975, 0.236364975, 0.236364975, 20731
rwd, 2006-08-09, 0.1670768, 0.1670768, 0.1670768, 0.1670768, 23941
hgo, 2006-08-09, 1.71952, 1.71952, 1.71952, 1.68044, 33265
ags, 2006-08-09, 1.48266742, 1.4465048, 1.53691135, 1.39226087, 528316
ntl, 2006-08-09, 0.03104336, 0.03104336, 0.03104336, 0.03104336, 80533
gml, 2006-08-09, 0.165, 0.145, 0.17, 0.145, 118000
tas, 2006-08-09, 0.06921495, 0.06921495, 0.06921495, 0.06921495, 51752
hrr, 2006-08-09, 4.99036824, 5.06597988, 5.06597988, 4.99036824, 5290
gme, 2006-08-09, 0.166236745, 0.175222515, 0.175222515, 0.166236745, 85135
btc, 2006-08-09, 0.43, 0.43, 0.43, 0.43, 2000
ics, 2006-08-09, 4.49722754, 4.49722754, 4.49722754, 4.49722754, 1908
vpr, 2006-08-09, 0.130108524, 0.130108524, 0.130108524, 0.130108524, 24211
sau, 2006-08-09, 3.6430316, 3.6430316, 3.6430316, 3.6430316, 8412
tso, 2006-08-09, 3.37714284, 3.36233081, 3.37714284, 3.36233081, 10127
vrc, 2006-08-09, 3.2743292, 3.2743292, 3.2743292, 3.2743292, 3053
cdx, 2006-08-09, 0.168831, 0.173394, 0.173394, 0.168831, 127584
sya, 2006-08-09, 0.759531575, 0.759531575, 0.759531575, 0.759531575, 14153
egy, 2006-08-09, 4.2, 4.2, 4.2, 4.2, 464
mgl, 2006-08-09, 0.17692, 0.17692, 0.17692, 0.17692, 14982
ptx, 2006-08-09, 16.760288826, 16.55337168, 16.760288826, 16.55337168, 715
axi, 2006-08-09, 0.31977, 0.3037815, 0.31977, 0.3037815, 42875
vor, 2006-08-09, 0.82, 0.86, 0.86, 0.82, 11125
pio, 2006-08-09, 0.14, 0.14, 0.14, 0.14, 195500
dev, 2006-08-09, 0.12829675, 0.14882423, 0.14882423, 0.11803301, 410178
kai, 2006-08-09, 4.076090722, 3.70553702, 4.076090722, 3.70553702, 1398
mep, 2006-08-09, 0.62, 0.61, 0.62, 0.61, 52636
ath, 2006-08-09, 0.3, 0.285, 0.3, 0.285, 17200
a1m, 2006-08-09, 22, 21.4, 22.1, 21.4, 7395
gwr, 2006-08-09, 1.454861825, 1.43020315, 1.454861825, 1.43020315, 52923
fzr, 2006-08-09, 0.498253, 0.488852, 0.498253, 0.488852, 279119
tps, 2006-08-09, 46.080264243, 44.273195057, 46.080264243, 44.273195057, 162
lny, 2006-08-09, 56.4, 58.8, 58.8, 52.8, 3115
imc, 2006-08-09, 6.8087976, 7.05639024, 7.05639024, 6.8087976, 482
pmy, 2006-08-09, 0.145008, 0.145008, 0.145008, 0.145008, 72
caf, 2006-08-09, 8.490839, 8.423982, 8.490839, 8.423982, 1288
bpp, 2006-08-09, 0.04538676, 0.04538676, 0.04538676, 0.04538676, 35253
nwe, 2006-08-09, 0.12125841, 0.1154842, 0.12125841, 0.1154842, 245714
bug, 2006-08-09, 1.3814, 1.464284, 1.464284, 1.3814, 3351
ody, 2006-08-09, 2.13633591, 2.32210425, 2.32210425, 2.13633591, 71803
fsg, 2006-08-09, 14.4592956, 14.3346465, 14.4592956, 14.3346465, 1414
tlm, 2006-08-09, 0.17, 0.17, 0.17, 0.17, 10000
wbe, 2006-08-09, 0.064956474, 0.07217386, 0.07217386, 0.064956474, 174606
msm, 2006-08-09, 275.572907016, 298.537315934, 298.537315934, 275.572907016, 62
exr, 2006-08-09, 6.0232904, 5.87270814, 6.17387266, 5.87270814, 5439
hmx, 2006-08-09, 4.9474113, 5.27723872, 5.27723872, 4.9474113, 568
ovt, 2006-08-09, 1.465, 1.495, 1.495, 1.44, 1501041
llo, 2006-08-09, 3.876, 3.876, 3.876, 3.876, 1086
rpm, 2006-08-09, 4.7194914, 4.56217502, 4.7194914, 4.56217502, 36066
hng, 2006-08-09, 1.8518464, 1.861392, 1.861392, 1.8518464, 15714
ixr, 2006-08-09, 0.128415175, 0.120130325, 0.128415175, 0.120130325, 120702
ce1, 2006-08-09, 0.99, 0.99, 0.99, 0.99, 8667
azs, 2006-08-09, 2.08062459, 2.08062459, 2.08062459, 2.08062459, 5023
dvn, 2006-08-09, 3.10816906, 3.07612608, 3.10816906, 3.07612608, 31706
knm, 2006-08-09, 3, 3, 3, 3, 733
oau, 2006-08-09, 0.18092822, 0.176816215, 0.18092822, 0.17270421, 410029
cgn, 2006-08-09, 447.09985125, 447.09985125, 447.09985125, 447.09985125, 45
mgu, 2006-08-09, 0.1612366, 0.15662984, 0.1612366, 0.15202308, 119390
cto, 2006-08-09, 0.5, 0.51, 0.52, 0.48, 4405992
jrl, 2006-08-09, 0.7111525, 0.7111525, 0.7111525, 0.7111525, 5097
bar, 2006-08-09, 0.315, 0.295, 0.315, 0.295, 684900
hnr, 2006-08-09, 0.20241213, 0.186432225, 0.20241213, 0.186432225, 426208
nwc, 2006-08-09, 217.51635024, 227.87427168, 227.87427168, 217.51635024, 87
cga, 2006-08-09, 83.84175432, 83.84175432, 86.54632704, 83.84175432, 348
may, 2006-08-09, 0.19, 0.195, 0.195, 0.19, 92844
ave, 2006-08-09, 0.31248, 0.3075975, 0.31248, 0.2978325, 127599
frn, 2006-08-09, 79.9, 75.65, 79.9, 75.65, 484
cxm, 2006-08-09, 0.167127, 0.167127, 0.167127, 0.167127, 40688
gul, 2006-08-09, 0.054, 0.05, 0.054, 0.05, 59799
fyi, 2006-08-09, 1.7768664, 1.7768664, 1.7768664, 1.7768664, 1182
teg, 2006-08-09, 3.13705979, 3.13705979, 3.13705979, 3.13705979, 3028
pfg, 2006-08-09, 0.74, 0.73, 0.74, 0.73, 11000
alt, 2006-08-09, 0.032476624, 0.032476624, 0.032476624, 0.032476624, 35102
arq, 2006-08-09, 1.824693, 1.814722, 1.824693, 1.814722, 6255
acb, 2006-08-09, 0.310807355, 0.30654972, 0.310807355, 0.30654972, 62828
fpl, 2006-08-09, 20.10930192, 19.73690744, 20.85409088, 19.36451296, 9696
vmg, 2006-08-09, 0.619605, 0.619605, 0.619605, 0.619605, 14122
wsi, 2006-08-09, 8.33596974, 8.13749427, 8.33596974, 8.038256535, 2622
adx, 2006-08-09, 0.08883, 0.08883, 0.08883, 0.08883, 121581
afl, 2006-08-09, 89.35110012, 83.52385446, 89.35110012, 83.52385446, 1993
eqe, 2006-08-09, 0.741228, 0.741228, 0.750981, 0.731475, 63442
ucw, 2006-08-09, 113.536490475, 113.0492094, 113.536490475, 113.0492094, 287
blv, 2006-08-09, 2.1989001, 2.1989001, 2.1989001, 2.1989001, 1890
cxu, 2006-08-09, 0.405, 0.405, 0.405, 0.405, 79639
inv, 2006-08-09, 0.75427704, 0.749991375, 0.75427704, 0.749991375, 70001
caz, 2006-08-09, 0.49116102, 0.50408631, 0.5170116, 0.47823573, 818629
mrv, 2006-08-09, 0.02891401, 0.0279813, 0.02891401, 0.0279813, 268036
sw1, 2006-08-09, 13.29215, 13.29215, 13.29215, 13.29215, 311
aft, 2006-08-09, 0.004912776, 0.004912776, 0.004912776, 0.004912776, 5831777
mel, 2006-08-09, 0.288115, 0.288115, 0.288115, 0.27818, 69451
pft, 2006-08-09, 11.31019725, 11.31019725, 11.31019725, 11.31019725, 1326
ect, 2006-08-09, 0.39, 0.375, 0.39, 0.375, 87800
mey, 2006-08-09, 13.3319634, 12.85582185, 13.3319634, 9.522831, 8915
hwk, 2006-08-09, 4.2, 4, 4.2, 4, 392
bsm, 2006-08-09, 0.10607814, 0.10607814, 0.10607814, 0.10607814, 10857
psa, 2006-08-09, 2.38376084, 2.37486621, 2.42823399, 2.36597158, 209198
bxn, 2006-08-09, 0.77, 0.77, 0.77, 0.77, 714
aqd, 2006-08-09, 0.215, 0.205, 0.215, 0.205, 165500
cl8, 2006-08-09, 0.225745, 0.225745, 0.225745, 0.225745, 20377
tcn, 2006-08-09, 0.032867232, 0.032867232, 0.032867232, 0.032867232, 2921
hyd, 2006-08-09, 22.903, 22.903, 22.903, 22.903, 4766
clt, 2006-08-09, 0.5217856, 0.51770915, 0.5217856, 0.51770915, 124388
are, 2006-08-09, 0.1041463, 0.1041463, 0.1041463, 0.1041463, 2095
srk, 2006-08-09, 0.93, 0.92, 0.93, 0.92, 123358
lmg, 2006-08-09, 0.012, 0.012, 0.012, 0.012, 1035715
xcd, 2006-08-09, 0.41320116, 0.3443343, 0.41320116, 0.3443343, 15532
evz, 2006-08-09, 1.50608, 1.553145, 1.553145, 1.50608, 1402
cym, 2006-08-09, 158348.81559655, 152014.86297269, 161515.79190848, 152014.86297269, 0
hsc, 2006-08-09, 1600.62903, 1557.9455892, 1600.62903, 1557.9455892, 5
ook, 2006-08-09, 0.14955, 0.144565, 0.154535, 0.144565, 110331
lct, 2006-08-09, 0.17, 0.175, 0.24, 0.17, 758738
hhm, 2006-08-09, 0.1439415, 0.155936625, 0.159935, 0.1439415, 237597
sri, 2006-08-09, 0.732, 0.72, 0.732, 0.72, 9138
czn, 2006-08-09, 0.37, 0.365, 0.37, 0.365, 14688
krs, 2006-08-09, 0.165, 0.165, 0.165, 0.165, 70000
rhi, 2006-08-09, 0.99651024, 1.0341144, 1.0341144, 0.99651024, 36760
icn, 2006-08-09, 0.062, 0.062, 0.062, 0.06, 301000
adv, 2006-08-09, 2.4, 2.4, 2.4, 2.4, 11815
kgm, 2006-08-09, 0.6722727, 0.6722727, 0.6722727, 0.6722727, 30598
tnr, 2006-08-09, 8.26909083, 7.717818108, 8.26909083, 7.717818108, 923
meb, 2006-08-09, 0.928803495, 0.928803495, 0.928803495, 0.928803495, 4603
ady, 2006-08-09, 0.436454992, 0.42696684, 0.436454992, 0.422222764, 317795
czl, 2006-08-09, 5.03718139, 4.86348548, 5.03718139, 4.86348548, 864
oex, 2006-08-09, 0.870485, 0.870485, 0.870485, 0.852159, 292556
cla, 2006-08-09, 340, 340, 350, 340, 191
buy, 2006-08-09, 0.029424654, 0.028559223, 0.029424654, 0.028559223, 135193
aur, 2006-08-09, 1.268787498, 1.268787498, 1.268787498, 1.268787498, 767
ler, 2006-08-09, 0.36161215, 0.36161215, 0.36161215, 0.36161215, 3457
tti, 2006-08-09, 0.301692, 0.306558, 0.306558, 0.296826, 28322
bdi, 2006-08-09, 0.7, 0.7, 0.7, 0.69, 25309
hcd, 2006-08-09, 6.2785646, 6.32341149, 6.41310527, 6.23371771, 10814
egl, 2006-08-09, 0.238403025, 0.2270505, 0.238403025, 0.2270505, 31460
ptr, 2006-08-09, 3.53839052, 3.53839052, 3.53839052, 3.53839052, 514
aph, 2006-08-09, 0.8936425, 0.879151, 0.917795, 0.879151, 58730
mth, 2006-08-09, 2.287395, 2.412162, 2.412162, 2.287395, 8464
fel, 2006-08-09, 0.215, 0.2, 0.215, 0.2, 12500
cio, 2006-08-09, 202.6692, 197.3358, 208.0026, 197.3358, 411
caq, 2006-08-09, 3.7, 3.7, 3.7, 3.7, 150
nor, 2006-08-09, 23.29418685, 24.070659745, 24.070659745, 23.29418685, 291
mrz, 2006-08-09, 1.195, 1.2, 1.205, 1.195, 962568
pcl, 2006-08-09, 0.057258, 0.057258, 0.057258, 0.057258, 230007
cad, 2006-08-09, 31.5, 31, 31.5, 31, 1247
sop, 2006-08-09, 1.165835034, 1.165835034, 1.165835034, 1.165835034, 435
gbp, 2006-08-09, 0.72, 0.7, 0.72, 0.7, 75396
bas, 2006-08-09, 0.0256653, 0.0256653, 0.0256653, 0.0256653, 66791
crl, 2006-08-09, 0.13, 0.13, 0.13, 0.13, 37260
ayr, 2006-08-09, 1.5793267, 1.5793267, 1.5793267, 1.5793267, 3324
kte, 2006-08-09, 0.29117804, 0.29117804, 0.29546007, 0.29117804, 49042
ida, 2006-08-09, 0.07723044, 0.07784338, 0.07784338, 0.07723044, 308758
lsa, 2006-08-09, 5.8182, 5.8182, 5.8182, 5.8182, 344
fnt, 2006-08-09, 2.56941232, 2.489118185, 2.56941232, 2.489118185, 17442
mar, 2006-08-09, 19.8875, 18.5, 19.8875, 18.5, 975
shk, 2006-08-09, 0.1933765, 0.207526, 0.207526, 0.1933765, 65727
lio, 2006-08-09, 2.222161112, 2.77770139, 2.77770139, 2.222161112, 5960
jpr, 2006-08-09, 1.69713363, 1.9966278, 1.9966278, 1.69713363, 142446
ajc, 2006-08-09, 0.12749994, 0.1180555, 0.12749994, 0.1180555, 677647
fun, 2006-08-09, 25.2951194, 25.44391422, 25.44391422, 25.2951194, 8598
srz, 2006-08-09, 0.344435, 0.3099915, 0.344435, 0.305071, 81325
bir, 2006-08-09, 0.6498, 0.6327, 0.6498, 0.6327, 9649
mlm, 2006-08-09, 0.1646556, 0.1646556, 0.1646556, 0.1646556, 29152
tzl, 2006-08-09, 25.39281192, 26.526419595, 26.526419595, 25.39281192, 7531
ivo, 2006-08-09, 105, 105, 105, 105, 60
pua, 2006-08-09, 16.875, 16.25, 16.875, 16.25, 2010
bnl, 2006-08-09, 6.975, 6.75, 6.975, 6.6, 26296
hhy, 2006-08-09, 1.644935875, 1.677555, 1.714834, 1.644935875, 83956
hgm, 2006-08-09, 0.0482175, 0.096435, 0.096435, 0.0482175, 18914
kkl, 2006-08-09, 0.79736247, 0.79736247, 0.79736247, 0.79736247, 47034
amo, 2006-08-09, 0.49, 0.49, 0.49, 0.49, 9883
fin, 2006-08-09, 0.4106872, 0.4106872, 0.4106872, 0.4106872, 29591
mgz, 2006-08-09, 0.062335455, 0.071925525, 0.071925525, 0.062335455, 158377
arm, 2006-08-09, 0.152733, 0.152733, 0.1563695, 0.152733, 424638
zip, 2006-08-09, 3.527386992, 3.380412534, 3.527386992, 3.380412534, 2054
ddt, 2006-08-09, 0.2460082, 0.2460082, 0.2460082, 0.2460082, 20999
mls, 2006-08-09, 0.023, 0.023, 0.023, 0.023, 800000
cse, 2006-08-09, 0.19424137, 0.2044646, 0.2044646, 0.19424137, 244541
mcx, 2006-08-09, 63.5, 65.75, 67.5, 63.5, 5166
glv, 2006-08-09, 0.225, 0.22, 0.225, 0.205, 1579371
ftt, 2006-08-09, 0.32208036, 0.32208036, 0.32208036, 0.32208036, 2282
var, 2006-08-09, 0.815322893, 0.84708872, 0.84708872, 0.815322893, 1664
re1, 2006-08-09, 15.14547, 15.14547, 16.03638, 15.14547, 118
atp, 2006-08-09, 0.2946399, 0.2946399, 0.2946399, 0.2946399, 25455
pnn, 2006-08-09, 0.43051645, 0.43051645, 0.43051645, 0.43051645, 55486
enb, 2006-08-09, 0.122988935, 0.11902155, 0.122988935, 0.11902155, 208622
ser, 2006-08-09, 0.0116732, 0.0116732, 0.0116732, 0.0116732, 141349
apg, 2006-08-09, 0.019, 0.02, 0.02, 0.018, 890000
mdx, 2006-08-09, 0.11347552, 0.10992941, 0.11347552, 0.10992941, 56400
sf1, 2006-08-09, 154.774999, 156.2351405, 156.2351405, 153.3148575, 1910
ims, 2006-08-09, 0.084, 0.08, 0.084, 0.08, 787804
dlc, 2006-08-09, 0.012050072, 0.012050072, 0.012050072, 0.01166136, 192945
mmr, 2006-08-09, 0.08256038, 0.08256038, 0.08256038, 0.08256038, 10958
svd, 2006-08-09, 4.26656, 4.199895, 4.333225, 4.1665625, 47332
kor, 2006-08-09, 0.2140725, 0.209875, 0.2140725, 0.209875, 11912
r3d, 2006-08-09, 1.598344, 1.676312, 1.676312, 1.598344, 4104
arc, 2006-08-09, 3.01493005, 3.01493005, 3.01493005, 3.01493005, 73
aro, 2006-08-09, 0.64998, 0.617481, 0.64998, 0.617481, 23417
cfe, 2006-08-09, 0.20744472, 0.1975664, 0.20744472, 0.1975664, 258086
cro, 2006-08-09, 14.63666175, 14.9619209, 14.9619209, 14.63666175, 1779
add, 2006-08-09, 0.398076, 0.360164, 0.398076, 0.360164, 99414
rds, 2006-08-09, 0.43400508, 0.5586204, 0.6015912, 0.43400508, 874184
grv, 2006-08-09, 1.14948, 1.14948, 1.14948, 1.14948, 2610
rne, 2006-08-09, 8.21850352, 8.21850352, 8.30783508, 8.08450618, 16153
cul, 2006-08-09, 0.664865928, 0.64639743, 0.664865928, 0.64639743, 16812
mgt, 2006-08-09, 0.08002134, 0.08002134, 0.08197308, 0.0780696, 822984
mct, 2006-08-09, 53.10898848, 53.10898848, 53.10898848, 53.10898848, 193
opl, 2006-08-09, 20596.2850608, 21025.3743329, 21025.3743329, 20596.2850608, 4
rdn, 2006-08-09, 130.72563, 118.27557, 140.063175, 118.27557, 312
aap, 2006-08-09, 0.3102125, 0.30544, 0.3102125, 0.30544, 104767
agj, 2006-08-09, 0.47, 0.47, 0.47, 0.47, 30000
gcr, 2006-08-09, 1.4148, 1.35585, 1.4148, 1.3362, 66363
val, 2006-08-09, 1.195825215, 1.121856645, 1.20815331, 1.121856645, 333637
srn, 2006-08-09, 0.67320064, 0.67320064, 0.67320064, 0.67320064, 11884
gla, 2006-08-09, 0.1626075, 0.1626075, 0.1626075, 0.15768, 19787
fgo, 2006-08-09, 760, 840, 840, 760, 2189
cdt, 2006-08-09, 0.36, 0.36, 0.36, 0.36, 17500
ign, 2006-08-09, 3.067476, 3.067476, 3.067476, 3.067476, 17431
pgy, 2006-08-09, 52.00560022, 52.00560022, 52.00560022, 52.00560022, 54
abw, 2006-08-09, 1.610322, 1.61699, 1.61699, 1.610322, 2130
gge, 2006-08-09, 0.188538861, 0.188538861, 0.188538861, 0.188538861, 80885
tta, 2006-08-09, 0.66642, 0.66642, 0.66642, 0.66642, 11014
rmi, 2006-08-09, 1.183909233, 1.153552586, 1.183909233, 1.153552586, 27529
icu, 2006-08-09, 1924.4264, 1924.4264, 1924.4264, 1924.4264, 0
pch, 2006-08-09, 1.14318, 1.14318, 1.14318, 1.14318, 7
hog, 2006-08-09, 0.11666, 0.11666, 0.11666, 0.11666, 42860
prm, 2006-08-09, 51.064998768, 51.064998768, 51.064998768, 51.064998768, 43
mxr, 2006-08-09, 9.226123155, 9.909539685, 9.909539685, 9.226123155, 742
cgm, 2006-08-09, 0.3390928, 0.3390928, 0.3390928, 0.3390928, 5898
mtb, 2006-08-09, 0.63, 0.63, 0.63, 0.63, 35714
nxe, 2006-08-09, 5910.2307612, 6107.23845324, 6107.23845324, 5910.2307612, 4
tnp, 2006-08-09, 15.17209296, 16.12034877, 16.12034877, 15.17209296, 2755
qtg, 2006-08-09, 8.77323744, 8.68184955, 8.86462533, 8.68184955, 3447
abl, 2006-08-09, 0.4722692, 0.4722692, 0.4722692, 0.4722692, 8470
ref, 2006-08-09, 2.9, 2.74, 2.9, 2.7, 586906
sys, 2006-08-09, 0.1431875, 0.13825, 0.1431875, 0.13825, 118783
knh, 2006-08-09, 0.01692904, 0.01692904, 0.01692904, 0.01692904, 94512
